! elementShape quadrilateral
! elementNumPoints 4
20      12      
0.0000  0.0000  
1.0000  0.0000  
2.0000  0.0000  
3.0000  0.0000  
0.0000  0.8000  
1.0000  0.9000  
2.0000  1.0000  
3.0000  1.1000  
0.0000  2.2000  
1.0000  2.1000  
2.0000  2.0000  
3.0000  1.9000  
0.0000  2.7000  
1.0000  2.9000  
2.0000  3.1000  
3.0000  3.3000  
0.0000  4.0000  
1.0000  4.0000  
2.0000  4.0000  
3.0000  4.0000  
0       1       5       4       
1       2       6       5       
2       3       7       6       
4       5       9       8       
5       6       10      9       
6       7       11      10      
8       9       13      12      
9       10      14      13      
10      11      15      14      
12      13      17      16      
13      14      18      17      
14      15      19      18      
