10224   0       -0.545  
10224   1       49.997  
10225   0       -1.636  
10225   1       49.973  
10226   0       -2.726  
10226   1       49.926  
10227   0       -3.814  
10227   1       49.854  
10228   0       -4.901  
10228   1       49.759  
10229   0       -5.985  
10229   1       49.640  
10230   0       -7.067  
10230   1       49.498  
10231   0       -8.145  
10231   1       49.332  
10232   0       -9.219  
10232   1       49.143  
10233   0       -10.289 
10233   1       48.930  
10234   0       -11.354 
10234   1       48.694  
10235   0       -12.413 
10235   1       48.435  
10236   0       -13.467 
10236   1       48.152  
10237   0       -14.514 
10237   1       47.847  
10238   0       -15.555 
10238   1       47.519  
10239   0       -16.587 
10239   1       47.168  
10240   0       -17.613 
10240   1       46.795  
10241   0       -18.629 
10241   1       46.400  
10242   0       -19.637 
10242   1       45.983  
10243   0       -20.635 
10243   1       45.543  
10244   0       -21.624 
10244   1       45.082  
10245   0       -22.602 
10245   1       44.600  
10246   0       -23.570 
10246   1       44.096  
10247   0       -24.526 
10247   1       43.571  
10248   0       -25.471 
10248   1       43.026  
10249   0       -26.403 
10249   1       42.460  
10250   0       -27.323 
10250   1       41.874  
10251   0       -28.230 
10251   1       41.268  
10252   0       -29.124 
10252   1       40.642  
10253   0       -30.004 
10253   1       39.997  
10254   0       -30.869 
10254   1       39.333  
10255   0       -31.720 
10255   1       38.651  
10256   0       -32.555 
10256   1       37.949  
10257   0       -33.375 
10257   1       37.230  
10258   0       -34.180 
10258   1       36.493  
10259   0       -34.968 
10259   1       35.739  
10260   0       -35.739 
10260   1       34.968  
10261   0       -36.493 
10261   1       34.180  
10262   0       -37.230 
10262   1       33.375  
10263   0       -37.949 
10263   1       32.555  
10264   0       -38.651 
10264   1       31.720  
10265   0       -39.333 
10265   1       30.869  
10266   0       -39.997 
10266   1       30.004  
10267   0       -40.642 
10267   1       29.124  
10268   0       -41.268 
10268   1       28.230  
10269   0       -41.874 
10269   1       27.323  
10270   0       -42.460 
10270   1       26.403  
10271   0       -43.026 
10271   1       25.471  
10272   0       -43.571 
10272   1       24.526  
10273   0       -44.096 
10273   1       23.570  
10274   0       -44.600 
10274   1       22.602  
10275   0       -45.082 
10275   1       21.624  
10276   0       -45.543 
10276   1       20.635  
10277   0       -45.983 
10277   1       19.637  
10278   0       -46.400 
10278   1       18.629  
10279   0       -46.795 
10279   1       17.613  
10280   0       -47.168 
10280   1       16.587  
10281   0       -47.519 
10281   1       15.555  
10282   0       -47.847 
10282   1       14.514  
10283   0       -48.152 
10283   1       13.467  
10284   0       -48.435 
10284   1       12.413  
10285   0       -48.694 
10285   1       11.354  
10286   0       -48.930 
10286   1       10.289  
10287   0       -49.143 
10287   1       9.219   
10288   0       -49.332 
10288   1       8.145   
10289   0       -49.498 
10289   1       7.067   
10290   0       -49.640 
10290   1       5.985   
10291   0       -49.759 
10291   1       4.901   
10292   0       -49.854 
10292   1       3.814   
10293   0       -49.926 
10293   1       2.726   
10294   0       -49.973 
10294   1       1.636   
10295   0       -49.997 
10295   1       0.545   
10296   0       -49.997 
10296   1       -0.545  
10297   0       -49.973 
10297   1       -1.636  
10298   0       -49.926 
10298   1       -2.726  
10299   0       -49.854 
10299   1       -3.814  
10300   0       -49.759 
10300   1       -4.901  
10301   0       -49.640 
10301   1       -5.985  
10302   0       -49.498 
10302   1       -7.067  
10303   0       -49.332 
10303   1       -8.145  
10304   0       -49.143 
10304   1       -9.219  
10305   0       -48.930 
10305   1       -10.289 
10306   0       -48.694 
10306   1       -11.354 
10307   0       -48.435 
10307   1       -12.413 
10308   0       -48.152 
10308   1       -13.467 
10309   0       -47.847 
10309   1       -14.514 
10310   0       -47.519 
10310   1       -15.555 
10311   0       -47.168 
10311   1       -16.587 
10312   0       -46.795 
10312   1       -17.613 
10313   0       -46.400 
10313   1       -18.629 
10314   0       -45.983 
10314   1       -19.637 
10315   0       -45.543 
10315   1       -20.635 
10316   0       -45.082 
10316   1       -21.624 
10317   0       -44.600 
10317   1       -22.602 
10318   0       -44.096 
10318   1       -23.570 
10319   0       -43.571 
10319   1       -24.526 
10320   0       -43.026 
10320   1       -25.471 
10321   0       -42.460 
10321   1       -26.403 
10322   0       -41.874 
10322   1       -27.323 
10323   0       -41.268 
10323   1       -28.230 
10324   0       -40.642 
10324   1       -29.124 
10325   0       -39.997 
10325   1       -30.004 
10326   0       -39.333 
10326   1       -30.869 
10327   0       -38.651 
10327   1       -31.720 
10328   0       -37.949 
10328   1       -32.555 
10329   0       -37.230 
10329   1       -33.375 
10330   0       -36.493 
10330   1       -34.180 
10331   0       -35.739 
10331   1       -34.968 
10332   0       -34.968 
10332   1       -35.739 
10333   0       -34.180 
10333   1       -36.493 
10334   0       -33.375 
10334   1       -37.230 
10335   0       -32.555 
10335   1       -37.949 
10336   0       -31.720 
10336   1       -38.651 
10337   0       -30.869 
10337   1       -39.333 
10338   0       -30.004 
10338   1       -39.997 
10339   0       -29.124 
10339   1       -40.642 
10340   0       -28.230 
10340   1       -41.268 
10341   0       -27.323 
10341   1       -41.874 
10342   0       -26.403 
10342   1       -42.460 
10343   0       -25.471 
10343   1       -43.026 
10344   0       -24.526 
10344   1       -43.571 
10345   0       -23.570 
10345   1       -44.096 
10346   0       -22.602 
10346   1       -44.600 
10347   0       -21.624 
10347   1       -45.082 
10348   0       -20.635 
10348   1       -45.543 
10349   0       -19.637 
10349   1       -45.983 
10350   0       -18.629 
10350   1       -46.400 
10351   0       -17.613 
10351   1       -46.795 
10352   0       -16.587 
10352   1       -47.168 
10353   0       -15.555 
10353   1       -47.519 
10354   0       -14.514 
10354   1       -47.847 
10355   0       -13.467 
10355   1       -48.152 
10356   0       -12.413 
10356   1       -48.435 
10357   0       -11.354 
10357   1       -48.694 
10358   0       -10.289 
10358   1       -48.930 
10359   0       -9.219  
10359   1       -49.143 
10360   0       -8.145  
10360   1       -49.332 
10361   0       -7.067  
10361   1       -49.498 
10362   0       -5.985  
10362   1       -49.640 
10363   0       -4.901  
10363   1       -49.759 
10364   0       -3.814  
10364   1       -49.854 
10365   0       -2.726  
10365   1       -49.926 
10366   0       -1.636  
10366   1       -49.973 
10367   0       -0.545  
10367   1       -49.997 
