0	0
1	0
2	0
3	0
4	1
5	1
6	1
7	1
8	2
9	2
10	2
11	2
12	3
13	3
14	3
15	3
16	4
17	4
18	4
19	4
20	5
21	5
22	5
23	5
24	6
25	6
26	6
27	6
28	7
29	7
30	7
31	7
32	8
33	8
34	8
35	8
36	9
37	9
38	9
39	9
40	10
41	10
42	10
43	10
44	11
45	11
46	11
47	11
48	12
49	12
50	12
51	12
52	13
53	13
54	13
55	13
56	14
57	14
58	14
59	14
60	15
61	15
62	15
63	15
64	16
65	16
66	16
67	16
68	17
69	17
70	17
71	17
72	0
73	0
74	0
75	0
76	1
77	1
78	1
79	1
80	2
81	2
82	2
83	2
84	3
85	3
86	3
87	3
88	4
89	4
90	4
91	4
92	5
93	5
94	5
95	5
96	6
97	6
98	6
99	6
100	7
101	7
102	7
103	7
104	8
105	8
106	8
107	8
108	9
109	9
110	9
111	9
112	10
113	10
114	10
115	10
116	11
117	11
118	11
119	11
120	12
121	12
122	12
123	12
124	13
125	13
126	13
127	13
128	14
129	14
130	14
131	14
132	15
133	15
134	15
135	15
136	16
137	16
138	16
139	16
140	17
141	17
142	17
143	17
144	0
145	0
146	0
147	0
148	1
149	1
150	1
151	1
152	2
153	2
154	2
155	2
156	3
157	3
158	3
159	3
160	4
161	4
162	4
163	4
164	5
165	5
166	5
167	5
168	6
169	6
170	6
171	6
172	7
173	7
174	7
175	7
176	8
177	8
178	8
179	8
180	9
181	9
182	9
183	9
184	10
185	10
186	10
187	10
188	11
189	11
190	11
191	11
192	12
193	12
194	12
195	12
196	13
197	13
198	13
199	13
200	14
201	14
202	14
203	14
204	15
205	15
206	15
207	15
208	16
209	16
210	16
211	16
212	17
213	17
214	17
215	17
216	0
217	0
218	0
219	0
220	1
221	1
222	1
223	1
224	2
225	2
226	2
227	2
228	3
229	3
230	3
231	3
232	4
233	4
234	4
235	4
236	5
237	5
238	5
239	5
240	6
241	6
242	6
243	6
244	7
245	7
246	7
247	7
248	8
249	8
250	8
251	8
252	9
253	9
254	9
255	9
256	10
257	10
258	10
259	10
260	11
261	11
262	11
263	11
264	12
265	12
266	12
267	12
268	13
269	13
270	13
271	13
272	14
273	14
274	14
275	14
276	15
277	15
278	15
279	15
280	16
281	16
282	16
283	16
284	17
285	17
286	17
287	17
288	18
289	18
290	18
291	18
292	19
293	19
294	19
295	19
296	20
297	20
298	20
299	20
300	21
301	21
302	21
303	21
304	22
305	22
306	22
307	22
308	23
309	23
310	23
311	23
312	24
313	24
314	24
315	24
316	25
317	25
318	25
319	25
320	26
321	26
322	26
323	26
324	27
325	27
326	27
327	27
328	28
329	28
330	28
331	28
332	29
333	29
334	29
335	29
336	30
337	30
338	30
339	30
340	31
341	31
342	31
343	31
344	32
345	32
346	32
347	32
348	33
349	33
350	33
351	33
352	34
353	34
354	34
355	34
356	35
357	35
358	35
359	35
360	18
361	18
362	18
363	18
364	19
365	19
366	19
367	19
368	20
369	20
370	20
371	20
372	21
373	21
374	21
375	21
376	22
377	22
378	22
379	22
380	23
381	23
382	23
383	23
384	24
385	24
386	24
387	24
388	25
389	25
390	25
391	25
392	26
393	26
394	26
395	26
396	27
397	27
398	27
399	27
400	28
401	28
402	28
403	28
404	29
405	29
406	29
407	29
408	30
409	30
410	30
411	30
412	31
413	31
414	31
415	31
416	32
417	32
418	32
419	32
420	33
421	33
422	33
423	33
424	34
425	34
426	34
427	34
428	35
429	35
430	35
431	35
432	18
433	18
434	18
435	18
436	19
437	19
438	19
439	19
440	20
441	20
442	20
443	20
444	21
445	21
446	21
447	21
448	22
449	22
450	22
451	22
452	23
453	23
454	23
455	23
456	24
457	24
458	24
459	24
460	25
461	25
462	25
463	25
464	26
465	26
466	26
467	26
468	27
469	27
470	27
471	27
472	28
473	28
474	28
475	28
476	29
477	29
478	29
479	29
480	30
481	30
482	30
483	30
484	31
485	31
486	31
487	31
488	32
489	32
490	32
491	32
492	33
493	33
494	33
495	33
496	34
497	34
498	34
499	34
500	35
501	35
502	35
503	35
504	18
505	18
506	18
507	18
508	19
509	19
510	19
511	19
512	20
513	20
514	20
515	20
516	21
517	21
518	21
519	21
520	22
521	22
522	22
523	22
524	23
525	23
526	23
527	23
528	24
529	24
530	24
531	24
532	25
533	25
534	25
535	25
536	26
537	26
538	26
539	26
540	27
541	27
542	27
543	27
544	28
545	28
546	28
547	28
548	29
549	29
550	29
551	29
552	30
553	30
554	30
555	30
556	31
557	31
558	31
559	31
560	32
561	32
562	32
563	32
564	33
565	33
566	33
567	33
568	34
569	34
570	34
571	34
572	35
573	35
574	35
575	35
576	36
577	36
578	36
579	36
580	37
581	37
582	37
583	37
584	38
585	38
586	38
587	38
588	39
589	39
590	39
591	39
592	40
593	40
594	40
595	40
596	41
597	41
598	41
599	41
600	42
601	42
602	42
603	42
604	43
605	43
606	43
607	43
608	44
609	44
610	44
611	44
612	45
613	45
614	45
615	45
616	46
617	46
618	46
619	46
620	47
621	47
622	47
623	47
624	48
625	48
626	48
627	48
628	49
629	49
630	49
631	49
632	50
633	50
634	50
635	50
636	51
637	51
638	51
639	51
640	52
641	52
642	52
643	52
644	53
645	53
646	53
647	53
648	36
649	36
650	36
651	36
652	37
653	37
654	37
655	37
656	38
657	38
658	38
659	38
660	39
661	39
662	39
663	39
664	40
665	40
666	40
667	40
668	41
669	41
670	41
671	41
672	42
673	42
674	42
675	42
676	43
677	43
678	43
679	43
680	44
681	44
682	44
683	44
684	45
685	45
686	45
687	45
688	46
689	46
690	46
691	46
692	47
693	47
694	47
695	47
696	48
697	48
698	48
699	48
700	49
701	49
702	49
703	49
704	50
705	50
706	50
707	50
708	51
709	51
710	51
711	51
712	52
713	52
714	52
715	52
716	53
717	53
718	53
719	53
720	36
721	36
722	36
723	36
724	37
725	37
726	37
727	37
728	38
729	38
730	38
731	38
732	39
733	39
734	39
735	39
736	40
737	40
738	40
739	40
740	41
741	41
742	41
743	41
744	42
745	42
746	42
747	42
748	43
749	43
750	43
751	43
752	44
753	44
754	44
755	44
756	45
757	45
758	45
759	45
760	46
761	46
762	46
763	46
764	47
765	47
766	47
767	47
768	48
769	48
770	48
771	48
772	49
773	49
774	49
775	49
776	50
777	50
778	50
779	50
780	51
781	51
782	51
783	51
784	52
785	52
786	52
787	52
788	53
789	53
790	53
791	53
792	36
793	36
794	36
795	36
796	37
797	37
798	37
799	37
800	38
801	38
802	38
803	38
804	39
805	39
806	39
807	39
808	40
809	40
810	40
811	40
812	41
813	41
814	41
815	41
816	42
817	42
818	42
819	42
820	43
821	43
822	43
823	43
824	44
825	44
826	44
827	44
828	45
829	45
830	45
831	45
832	46
833	46
834	46
835	46
836	47
837	47
838	47
839	47
840	48
841	48
842	48
843	48
844	49
845	49
846	49
847	49
848	50
849	50
850	50
851	50
852	51
853	51
854	51
855	51
856	52
857	52
858	52
859	52
860	53
861	53
862	53
863	53
864	54
865	54
866	54
867	54
868	55
869	55
870	55
871	55
872	56
873	56
874	56
875	56
876	57
877	57
878	57
879	57
880	58
881	58
882	58
883	58
884	59
885	59
886	59
887	59
888	60
889	60
890	60
891	60
892	61
893	61
894	61
895	61
896	62
897	62
898	62
899	62
900	63
901	63
902	63
903	63
904	64
905	64
906	64
907	64
908	65
909	65
910	65
911	65
912	66
913	66
914	66
915	66
916	67
917	67
918	67
919	67
920	68
921	68
922	68
923	68
924	69
925	69
926	69
927	69
928	70
929	70
930	70
931	70
932	71
933	71
934	71
935	71
936	54
937	54
938	54
939	54
940	55
941	55
942	55
943	55
944	56
945	56
946	56
947	56
948	57
949	57
950	57
951	57
952	58
953	58
954	58
955	58
956	59
957	59
958	59
959	59
960	60
961	60
962	60
963	60
964	61
965	61
966	61
967	61
968	62
969	62
970	62
971	62
972	63
973	63
974	63
975	63
976	64
977	64
978	64
979	64
980	65
981	65
982	65
983	65
984	66
985	66
986	66
987	66
988	67
989	67
990	67
991	67
992	68
993	68
994	68
995	68
996	69
997	69
998	69
999	69
1000	70
1001	70
1002	70
1003	70
1004	71
1005	71
1006	71
1007	71
1008	54
1009	54
1010	54
1011	54
1012	55
1013	55
1014	55
1015	55
1016	56
1017	56
1018	56
1019	56
1020	57
1021	57
1022	57
1023	57
1024	58
1025	58
1026	58
1027	58
1028	59
1029	59
1030	59
1031	59
1032	60
1033	60
1034	60
1035	60
1036	61
1037	61
1038	61
1039	61
1040	62
1041	62
1042	62
1043	62
1044	63
1045	63
1046	63
1047	63
1048	64
1049	64
1050	64
1051	64
1052	65
1053	65
1054	65
1055	65
1056	66
1057	66
1058	66
1059	66
1060	67
1061	67
1062	67
1063	67
1064	68
1065	68
1066	68
1067	68
1068	69
1069	69
1070	69
1071	69
1072	70
1073	70
1074	70
1075	70
1076	71
1077	71
1078	71
1079	71
1080	54
1081	54
1082	54
1083	54
1084	55
1085	55
1086	55
1087	55
1088	56
1089	56
1090	56
1091	56
1092	57
1093	57
1094	57
1095	57
1096	58
1097	58
1098	58
1099	58
1100	59
1101	59
1102	59
1103	59
1104	60
1105	60
1106	60
1107	60
1108	61
1109	61
1110	61
1111	61
1112	62
1113	62
1114	62
1115	62
1116	63
1117	63
1118	63
1119	63
1120	64
1121	64
1122	64
1123	64
1124	65
1125	65
1126	65
1127	65
1128	66
1129	66
1130	66
1131	66
1132	67
1133	67
1134	67
1135	67
1136	68
1137	68
1138	68
1139	68
1140	69
1141	69
1142	69
1143	69
1144	70
1145	70
1146	70
1147	70
1148	71
1149	71
1150	71
1151	71
1152	72
1153	72
1154	72
1155	72
1156	73
1157	73
1158	73
1159	73
1160	74
1161	74
1162	74
1163	74
1164	75
1165	75
1166	75
1167	75
1168	76
1169	76
1170	76
1171	76
1172	77
1173	77
1174	77
1175	77
1176	78
1177	78
1178	78
1179	78
1180	79
1181	79
1182	79
1183	79
1184	80
1185	80
1186	80
1187	80
1188	81
1189	81
1190	81
1191	81
1192	82
1193	82
1194	82
1195	82
1196	83
1197	83
1198	83
1199	83
1200	84
1201	84
1202	84
1203	84
1204	85
1205	85
1206	85
1207	85
1208	86
1209	86
1210	86
1211	86
1212	87
1213	87
1214	87
1215	87
1216	88
1217	88
1218	88
1219	88
1220	89
1221	89
1222	89
1223	89
1224	72
1225	72
1226	72
1227	72
1228	73
1229	73
1230	73
1231	73
1232	74
1233	74
1234	74
1235	74
1236	75
1237	75
1238	75
1239	75
1240	76
1241	76
1242	76
1243	76
1244	77
1245	77
1246	77
1247	77
1248	78
1249	78
1250	78
1251	78
1252	79
1253	79
1254	79
1255	79
1256	80
1257	80
1258	80
1259	80
1260	81
1261	81
1262	81
1263	81
1264	82
1265	82
1266	82
1267	82
1268	83
1269	83
1270	83
1271	83
1272	84
1273	84
1274	84
1275	84
1276	85
1277	85
1278	85
1279	85
1280	86
1281	86
1282	86
1283	86
1284	87
1285	87
1286	87
1287	87
1288	88
1289	88
1290	88
1291	88
1292	89
1293	89
1294	89
1295	89
1296	72
1297	72
1298	72
1299	72
1300	73
1301	73
1302	73
1303	73
1304	74
1305	74
1306	74
1307	74
1308	75
1309	75
1310	75
1311	75
1312	76
1313	76
1314	76
1315	76
1316	77
1317	77
1318	77
1319	77
1320	78
1321	78
1322	78
1323	78
1324	79
1325	79
1326	79
1327	79
1328	80
1329	80
1330	80
1331	80
1332	81
1333	81
1334	81
1335	81
1336	82
1337	82
1338	82
1339	82
1340	83
1341	83
1342	83
1343	83
1344	84
1345	84
1346	84
1347	84
1348	85
1349	85
1350	85
1351	85
1352	86
1353	86
1354	86
1355	86
1356	87
1357	87
1358	87
1359	87
1360	88
1361	88
1362	88
1363	88
1364	89
1365	89
1366	89
1367	89
1368	72
1369	72
1370	72
1371	72
1372	73
1373	73
1374	73
1375	73
1376	74
1377	74
1378	74
1379	74
1380	75
1381	75
1382	75
1383	75
1384	76
1385	76
1386	76
1387	76
1388	77
1389	77
1390	77
1391	77
1392	78
1393	78
1394	78
1395	78
1396	79
1397	79
1398	79
1399	79
1400	80
1401	80
1402	80
1403	80
1404	81
1405	81
1406	81
1407	81
1408	82
1409	82
1410	82
1411	82
1412	83
1413	83
1414	83
1415	83
1416	84
1417	84
1418	84
1419	84
1420	85
1421	85
1422	85
1423	85
1424	86
1425	86
1426	86
1427	86
1428	87
1429	87
1430	87
1431	87
1432	88
1433	88
1434	88
1435	88
1436	89
1437	89
1438	89
1439	89
1440	90
1441	90
1442	90
1443	90
1444	91
1445	91
1446	91
1447	91
1448	92
1449	92
1450	92
1451	92
1452	93
1453	93
1454	93
1455	93
1456	94
1457	94
1458	94
1459	94
1460	95
1461	95
1462	95
1463	95
1464	96
1465	96
1466	96
1467	96
1468	97
1469	97
1470	97
1471	97
1472	98
1473	98
1474	98
1475	98
1476	99
1477	99
1478	99
1479	99
1480	100
1481	100
1482	100
1483	100
1484	101
1485	101
1486	101
1487	101
1488	102
1489	102
1490	102
1491	102
1492	103
1493	103
1494	103
1495	103
1496	104
1497	104
1498	104
1499	104
1500	105
1501	105
1502	105
1503	105
1504	106
1505	106
1506	106
1507	106
1508	107
1509	107
1510	107
1511	107
1512	90
1513	90
1514	90
1515	90
1516	91
1517	91
1518	91
1519	91
1520	92
1521	92
1522	92
1523	92
1524	93
1525	93
1526	93
1527	93
1528	94
1529	94
1530	94
1531	94
1532	95
1533	95
1534	95
1535	95
1536	96
1537	96
1538	96
1539	96
1540	97
1541	97
1542	97
1543	97
1544	98
1545	98
1546	98
1547	98
1548	99
1549	99
1550	99
1551	99
1552	100
1553	100
1554	100
1555	100
1556	101
1557	101
1558	101
1559	101
1560	102
1561	102
1562	102
1563	102
1564	103
1565	103
1566	103
1567	103
1568	104
1569	104
1570	104
1571	104
1572	105
1573	105
1574	105
1575	105
1576	106
1577	106
1578	106
1579	106
1580	107
1581	107
1582	107
1583	107
1584	90
1585	90
1586	90
1587	90
1588	91
1589	91
1590	91
1591	91
1592	92
1593	92
1594	92
1595	92
1596	93
1597	93
1598	93
1599	93
1600	94
1601	94
1602	94
1603	94
1604	95
1605	95
1606	95
1607	95
1608	96
1609	96
1610	96
1611	96
1612	97
1613	97
1614	97
1615	97
1616	98
1617	98
1618	98
1619	98
1620	99
1621	99
1622	99
1623	99
1624	100
1625	100
1626	100
1627	100
1628	101
1629	101
1630	101
1631	101
1632	102
1633	102
1634	102
1635	102
1636	103
1637	103
1638	103
1639	103
1640	104
1641	104
1642	104
1643	104
1644	105
1645	105
1646	105
1647	105
1648	106
1649	106
1650	106
1651	106
1652	107
1653	107
1654	107
1655	107
1656	90
1657	90
1658	90
1659	90
1660	91
1661	91
1662	91
1663	91
1664	92
1665	92
1666	92
1667	92
1668	93
1669	93
1670	93
1671	93
1672	94
1673	94
1674	94
1675	94
1676	95
1677	95
1678	95
1679	95
1680	96
1681	96
1682	96
1683	96
1684	97
1685	97
1686	97
1687	97
1688	98
1689	98
1690	98
1691	98
1692	99
1693	99
1694	99
1695	99
1696	100
1697	100
1698	100
1699	100
1700	101
1701	101
1702	101
1703	101
1704	102
1705	102
1706	102
1707	102
1708	103
1709	103
1710	103
1711	103
1712	104
1713	104
1714	104
1715	104
1716	105
1717	105
1718	105
1719	105
1720	106
1721	106
1722	106
1723	106
1724	107
1725	107
1726	107
1727	107
1728	108
1729	108
1730	108
1731	108
1732	109
1733	109
1734	109
1735	109
1736	110
1737	110
1738	110
1739	110
1740	111
1741	111
1742	111
1743	111
1744	112
1745	112
1746	112
1747	112
1748	113
1749	113
1750	113
1751	113
1752	114
1753	114
1754	114
1755	114
1756	115
1757	115
1758	115
1759	115
1760	116
1761	116
1762	116
1763	116
1764	117
1765	117
1766	117
1767	117
1768	118
1769	118
1770	118
1771	118
1772	119
1773	119
1774	119
1775	119
1776	120
1777	120
1778	120
1779	120
1780	121
1781	121
1782	121
1783	121
1784	122
1785	122
1786	122
1787	122
1788	123
1789	123
1790	123
1791	123
1792	124
1793	124
1794	124
1795	124
1796	125
1797	125
1798	125
1799	125
1800	108
1801	108
1802	108
1803	108
1804	109
1805	109
1806	109
1807	109
1808	110
1809	110
1810	110
1811	110
1812	111
1813	111
1814	111
1815	111
1816	112
1817	112
1818	112
1819	112
1820	113
1821	113
1822	113
1823	113
1824	114
1825	114
1826	114
1827	114
1828	115
1829	115
1830	115
1831	115
1832	116
1833	116
1834	116
1835	116
1836	117
1837	117
1838	117
1839	117
1840	118
1841	118
1842	118
1843	118
1844	119
1845	119
1846	119
1847	119
1848	120
1849	120
1850	120
1851	120
1852	121
1853	121
1854	121
1855	121
1856	122
1857	122
1858	122
1859	122
1860	123
1861	123
1862	123
1863	123
1864	124
1865	124
1866	124
1867	124
1868	125
1869	125
1870	125
1871	125
1872	108
1873	108
1874	108
1875	108
1876	109
1877	109
1878	109
1879	109
1880	110
1881	110
1882	110
1883	110
1884	111
1885	111
1886	111
1887	111
1888	112
1889	112
1890	112
1891	112
1892	113
1893	113
1894	113
1895	113
1896	114
1897	114
1898	114
1899	114
1900	115
1901	115
1902	115
1903	115
1904	116
1905	116
1906	116
1907	116
1908	117
1909	117
1910	117
1911	117
1912	118
1913	118
1914	118
1915	118
1916	119
1917	119
1918	119
1919	119
1920	120
1921	120
1922	120
1923	120
1924	121
1925	121
1926	121
1927	121
1928	122
1929	122
1930	122
1931	122
1932	123
1933	123
1934	123
1935	123
1936	124
1937	124
1938	124
1939	124
1940	125
1941	125
1942	125
1943	125
1944	108
1945	108
1946	108
1947	108
1948	109
1949	109
1950	109
1951	109
1952	110
1953	110
1954	110
1955	110
1956	111
1957	111
1958	111
1959	111
1960	112
1961	112
1962	112
1963	112
1964	113
1965	113
1966	113
1967	113
1968	114
1969	114
1970	114
1971	114
1972	115
1973	115
1974	115
1975	115
1976	116
1977	116
1978	116
1979	116
1980	117
1981	117
1982	117
1983	117
1984	118
1985	118
1986	118
1987	118
1988	119
1989	119
1990	119
1991	119
1992	120
1993	120
1994	120
1995	120
1996	121
1997	121
1998	121
1999	121
2000	122
2001	122
2002	122
2003	122
2004	123
2005	123
2006	123
2007	123
2008	124
2009	124
2010	124
2011	124
2012	125
2013	125
2014	125
2015	125
2016	126
2017	126
2018	126
2019	126
2020	127
2021	127
2022	127
2023	127
2024	128
2025	128
2026	128
2027	128
2028	129
2029	129
2030	129
2031	129
2032	130
2033	130
2034	130
2035	130
2036	131
2037	131
2038	131
2039	131
2040	132
2041	132
2042	132
2043	132
2044	133
2045	133
2046	133
2047	133
2048	134
2049	134
2050	134
2051	134
2052	135
2053	135
2054	135
2055	135
2056	136
2057	136
2058	136
2059	136
2060	137
2061	137
2062	137
2063	137
2064	138
2065	138
2066	138
2067	138
2068	139
2069	139
2070	139
2071	139
2072	140
2073	140
2074	140
2075	140
2076	141
2077	141
2078	141
2079	141
2080	142
2081	142
2082	142
2083	142
2084	143
2085	143
2086	143
2087	143
2088	126
2089	126
2090	126
2091	126
2092	127
2093	127
2094	127
2095	127
2096	128
2097	128
2098	128
2099	128
2100	129
2101	129
2102	129
2103	129
2104	130
2105	130
2106	130
2107	130
2108	131
2109	131
2110	131
2111	131
2112	132
2113	132
2114	132
2115	132
2116	133
2117	133
2118	133
2119	133
2120	134
2121	134
2122	134
2123	134
2124	135
2125	135
2126	135
2127	135
2128	136
2129	136
2130	136
2131	136
2132	137
2133	137
2134	137
2135	137
2136	138
2137	138
2138	138
2139	138
2140	139
2141	139
2142	139
2143	139
2144	140
2145	140
2146	140
2147	140
2148	141
2149	141
2150	141
2151	141
2152	142
2153	142
2154	142
2155	142
2156	143
2157	143
2158	143
2159	143
2160	126
2161	126
2162	126
2163	126
2164	127
2165	127
2166	127
2167	127
2168	128
2169	128
2170	128
2171	128
2172	129
2173	129
2174	129
2175	129
2176	130
2177	130
2178	130
2179	130
2180	131
2181	131
2182	131
2183	131
2184	132
2185	132
2186	132
2187	132
2188	133
2189	133
2190	133
2191	133
2192	134
2193	134
2194	134
2195	134
2196	135
2197	135
2198	135
2199	135
2200	136
2201	136
2202	136
2203	136
2204	137
2205	137
2206	137
2207	137
2208	138
2209	138
2210	138
2211	138
2212	139
2213	139
2214	139
2215	139
2216	140
2217	140
2218	140
2219	140
2220	141
2221	141
2222	141
2223	141
2224	142
2225	142
2226	142
2227	142
2228	143
2229	143
2230	143
2231	143
2232	126
2233	126
2234	126
2235	126
2236	127
2237	127
2238	127
2239	127
2240	128
2241	128
2242	128
2243	128
2244	129
2245	129
2246	129
2247	129
2248	130
2249	130
2250	130
2251	130
2252	131
2253	131
2254	131
2255	131
2256	132
2257	132
2258	132
2259	132
2260	133
2261	133
2262	133
2263	133
2264	134
2265	134
2266	134
2267	134
2268	135
2269	135
2270	135
2271	135
2272	136
2273	136
2274	136
2275	136
2276	137
2277	137
2278	137
2279	137
2280	138
2281	138
2282	138
2283	138
2284	139
2285	139
2286	139
2287	139
2288	140
2289	140
2290	140
2291	140
2292	141
2293	141
2294	141
2295	141
2296	142
2297	142
2298	142
2299	142
2300	143
2301	143
2302	143
2303	143
2304	144
2305	144
2306	144
2307	144
2308	145
2309	145
2310	145
2311	145
2312	146
2313	146
2314	146
2315	146
2316	147
2317	147
2318	147
2319	147
2320	148
2321	148
2322	148
2323	148
2324	149
2325	149
2326	149
2327	149
2328	150
2329	150
2330	150
2331	150
2332	151
2333	151
2334	151
2335	151
2336	152
2337	152
2338	152
2339	152
2340	153
2341	153
2342	153
2343	153
2344	154
2345	154
2346	154
2347	154
2348	155
2349	155
2350	155
2351	155
2352	156
2353	156
2354	156
2355	156
2356	157
2357	157
2358	157
2359	157
2360	158
2361	158
2362	158
2363	158
2364	159
2365	159
2366	159
2367	159
2368	160
2369	160
2370	160
2371	160
2372	161
2373	161
2374	161
2375	161
2376	144
2377	144
2378	144
2379	144
2380	145
2381	145
2382	145
2383	145
2384	146
2385	146
2386	146
2387	146
2388	147
2389	147
2390	147
2391	147
2392	148
2393	148
2394	148
2395	148
2396	149
2397	149
2398	149
2399	149
2400	150
2401	150
2402	150
2403	150
2404	151
2405	151
2406	151
2407	151
2408	152
2409	152
2410	152
2411	152
2412	153
2413	153
2414	153
2415	153
2416	154
2417	154
2418	154
2419	154
2420	155
2421	155
2422	155
2423	155
2424	156
2425	156
2426	156
2427	156
2428	157
2429	157
2430	157
2431	157
2432	158
2433	158
2434	158
2435	158
2436	159
2437	159
2438	159
2439	159
2440	160
2441	160
2442	160
2443	160
2444	161
2445	161
2446	161
2447	161
2448	144
2449	144
2450	144
2451	144
2452	145
2453	145
2454	145
2455	145
2456	146
2457	146
2458	146
2459	146
2460	147
2461	147
2462	147
2463	147
2464	148
2465	148
2466	148
2467	148
2468	149
2469	149
2470	149
2471	149
2472	150
2473	150
2474	150
2475	150
2476	151
2477	151
2478	151
2479	151
2480	152
2481	152
2482	152
2483	152
2484	153
2485	153
2486	153
2487	153
2488	154
2489	154
2490	154
2491	154
2492	155
2493	155
2494	155
2495	155
2496	156
2497	156
2498	156
2499	156
2500	157
2501	157
2502	157
2503	157
2504	158
2505	158
2506	158
2507	158
2508	159
2509	159
2510	159
2511	159
2512	160
2513	160
2514	160
2515	160
2516	161
2517	161
2518	161
2519	161
2520	144
2521	144
2522	144
2523	144
2524	145
2525	145
2526	145
2527	145
2528	146
2529	146
2530	146
2531	146
2532	147
2533	147
2534	147
2535	147
2536	148
2537	148
2538	148
2539	148
2540	149
2541	149
2542	149
2543	149
2544	150
2545	150
2546	150
2547	150
2548	151
2549	151
2550	151
2551	151
2552	152
2553	152
2554	152
2555	152
2556	153
2557	153
2558	153
2559	153
2560	154
2561	154
2562	154
2563	154
2564	155
2565	155
2566	155
2567	155
2568	156
2569	156
2570	156
2571	156
2572	157
2573	157
2574	157
2575	157
2576	158
2577	158
2578	158
2579	158
2580	159
2581	159
2582	159
2583	159
2584	160
2585	160
2586	160
2587	160
2588	161
2589	161
2590	161
2591	161
2592	162
2593	162
2594	162
2595	162
2596	163
2597	163
2598	163
2599	163
2600	164
2601	164
2602	164
2603	164
2604	165
2605	165
2606	165
2607	165
2608	166
2609	166
2610	166
2611	166
2612	167
2613	167
2614	167
2615	167
2616	168
2617	168
2618	168
2619	168
2620	169
2621	169
2622	169
2623	169
2624	170
2625	170
2626	170
2627	170
2628	171
2629	171
2630	171
2631	171
2632	172
2633	172
2634	172
2635	172
2636	173
2637	173
2638	173
2639	173
2640	174
2641	174
2642	174
2643	174
2644	175
2645	175
2646	175
2647	175
2648	176
2649	176
2650	176
2651	176
2652	177
2653	177
2654	177
2655	177
2656	178
2657	178
2658	178
2659	178
2660	179
2661	179
2662	179
2663	179
2664	162
2665	162
2666	162
2667	162
2668	163
2669	163
2670	163
2671	163
2672	164
2673	164
2674	164
2675	164
2676	165
2677	165
2678	165
2679	165
2680	166
2681	166
2682	166
2683	166
2684	167
2685	167
2686	167
2687	167
2688	168
2689	168
2690	168
2691	168
2692	169
2693	169
2694	169
2695	169
2696	170
2697	170
2698	170
2699	170
2700	171
2701	171
2702	171
2703	171
2704	172
2705	172
2706	172
2707	172
2708	173
2709	173
2710	173
2711	173
2712	174
2713	174
2714	174
2715	174
2716	175
2717	175
2718	175
2719	175
2720	176
2721	176
2722	176
2723	176
2724	177
2725	177
2726	177
2727	177
2728	178
2729	178
2730	178
2731	178
2732	179
2733	179
2734	179
2735	179
2736	162
2737	162
2738	162
2739	162
2740	163
2741	163
2742	163
2743	163
2744	164
2745	164
2746	164
2747	164
2748	165
2749	165
2750	165
2751	165
2752	166
2753	166
2754	166
2755	166
2756	167
2757	167
2758	167
2759	167
2760	168
2761	168
2762	168
2763	168
2764	169
2765	169
2766	169
2767	169
2768	170
2769	170
2770	170
2771	170
2772	171
2773	171
2774	171
2775	171
2776	172
2777	172
2778	172
2779	172
2780	173
2781	173
2782	173
2783	173
2784	174
2785	174
2786	174
2787	174
2788	175
2789	175
2790	175
2791	175
2792	176
2793	176
2794	176
2795	176
2796	177
2797	177
2798	177
2799	177
2800	178
2801	178
2802	178
2803	178
2804	179
2805	179
2806	179
2807	179
2808	162
2809	162
2810	162
2811	162
2812	163
2813	163
2814	163
2815	163
2816	164
2817	164
2818	164
2819	164
2820	165
2821	165
2822	165
2823	165
2824	166
2825	166
2826	166
2827	166
2828	167
2829	167
2830	167
2831	167
2832	168
2833	168
2834	168
2835	168
2836	169
2837	169
2838	169
2839	169
2840	170
2841	170
2842	170
2843	170
2844	171
2845	171
2846	171
2847	171
2848	172
2849	172
2850	172
2851	172
2852	173
2853	173
2854	173
2855	173
2856	174
2857	174
2858	174
2859	174
2860	175
2861	175
2862	175
2863	175
2864	176
2865	176
2866	176
2867	176
2868	177
2869	177
2870	177
2871	177
2872	178
2873	178
2874	178
2875	178
2876	179
2877	179
2878	179
2879	179
2880	180
2881	180
2882	180
2883	180
2884	181
2885	181
2886	181
2887	181
2888	182
2889	182
2890	182
2891	182
2892	183
2893	183
2894	183
2895	183
2896	184
2897	184
2898	184
2899	184
2900	185
2901	185
2902	185
2903	185
2904	186
2905	186
2906	186
2907	186
2908	187
2909	187
2910	187
2911	187
2912	188
2913	188
2914	188
2915	188
2916	189
2917	189
2918	189
2919	189
2920	190
2921	190
2922	190
2923	190
2924	191
2925	191
2926	191
2927	191
2928	192
2929	192
2930	192
2931	192
2932	193
2933	193
2934	193
2935	193
2936	194
2937	194
2938	194
2939	194
2940	195
2941	195
2942	195
2943	195
2944	196
2945	196
2946	196
2947	196
2948	197
2949	197
2950	197
2951	197
2952	180
2953	180
2954	180
2955	180
2956	181
2957	181
2958	181
2959	181
2960	182
2961	182
2962	182
2963	182
2964	183
2965	183
2966	183
2967	183
2968	184
2969	184
2970	184
2971	184
2972	185
2973	185
2974	185
2975	185
2976	186
2977	186
2978	186
2979	186
2980	187
2981	187
2982	187
2983	187
2984	188
2985	188
2986	188
2987	188
2988	189
2989	189
2990	189
2991	189
2992	190
2993	190
2994	190
2995	190
2996	191
2997	191
2998	191
2999	191
3000	192
3001	192
3002	192
3003	192
3004	193
3005	193
3006	193
3007	193
3008	194
3009	194
3010	194
3011	194
3012	195
3013	195
3014	195
3015	195
3016	196
3017	196
3018	196
3019	196
3020	197
3021	197
3022	197
3023	197
3024	180
3025	180
3026	180
3027	180
3028	181
3029	181
3030	181
3031	181
3032	182
3033	182
3034	182
3035	182
3036	183
3037	183
3038	183
3039	183
3040	184
3041	184
3042	184
3043	184
3044	185
3045	185
3046	185
3047	185
3048	186
3049	186
3050	186
3051	186
3052	187
3053	187
3054	187
3055	187
3056	188
3057	188
3058	188
3059	188
3060	189
3061	189
3062	189
3063	189
3064	190
3065	190
3066	190
3067	190
3068	191
3069	191
3070	191
3071	191
3072	192
3073	192
3074	192
3075	192
3076	193
3077	193
3078	193
3079	193
3080	194
3081	194
3082	194
3083	194
3084	195
3085	195
3086	195
3087	195
3088	196
3089	196
3090	196
3091	196
3092	197
3093	197
3094	197
3095	197
3096	180
3097	180
3098	180
3099	180
3100	181
3101	181
3102	181
3103	181
3104	182
3105	182
3106	182
3107	182
3108	183
3109	183
3110	183
3111	183
3112	184
3113	184
3114	184
3115	184
3116	185
3117	185
3118	185
3119	185
3120	186
3121	186
3122	186
3123	186
3124	187
3125	187
3126	187
3127	187
3128	188
3129	188
3130	188
3131	188
3132	189
3133	189
3134	189
3135	189
3136	190
3137	190
3138	190
3139	190
3140	191
3141	191
3142	191
3143	191
3144	192
3145	192
3146	192
3147	192
3148	193
3149	193
3150	193
3151	193
3152	194
3153	194
3154	194
3155	194
3156	195
3157	195
3158	195
3159	195
3160	196
3161	196
3162	196
3163	196
3164	197
3165	197
3166	197
3167	197
3168	198
3169	198
3170	198
3171	198
3172	199
3173	199
3174	199
3175	199
3176	200
3177	200
3178	200
3179	200
3180	201
3181	201
3182	201
3183	201
3184	202
3185	202
3186	202
3187	202
3188	203
3189	203
3190	203
3191	203
3192	204
3193	204
3194	204
3195	204
3196	205
3197	205
3198	205
3199	205
3200	206
3201	206
3202	206
3203	206
3204	207
3205	207
3206	207
3207	207
3208	208
3209	208
3210	208
3211	208
3212	209
3213	209
3214	209
3215	209
3216	210
3217	210
3218	210
3219	210
3220	211
3221	211
3222	211
3223	211
3224	212
3225	212
3226	212
3227	212
3228	213
3229	213
3230	213
3231	213
3232	214
3233	214
3234	214
3235	214
3236	215
3237	215
3238	215
3239	215
3240	198
3241	198
3242	198
3243	198
3244	199
3245	199
3246	199
3247	199
3248	200
3249	200
3250	200
3251	200
3252	201
3253	201
3254	201
3255	201
3256	202
3257	202
3258	202
3259	202
3260	203
3261	203
3262	203
3263	203
3264	204
3265	204
3266	204
3267	204
3268	205
3269	205
3270	205
3271	205
3272	206
3273	206
3274	206
3275	206
3276	207
3277	207
3278	207
3279	207
3280	208
3281	208
3282	208
3283	208
3284	209
3285	209
3286	209
3287	209
3288	210
3289	210
3290	210
3291	210
3292	211
3293	211
3294	211
3295	211
3296	212
3297	212
3298	212
3299	212
3300	213
3301	213
3302	213
3303	213
3304	214
3305	214
3306	214
3307	214
3308	215
3309	215
3310	215
3311	215
3312	198
3313	198
3314	198
3315	198
3316	199
3317	199
3318	199
3319	199
3320	200
3321	200
3322	200
3323	200
3324	201
3325	201
3326	201
3327	201
3328	202
3329	202
3330	202
3331	202
3332	203
3333	203
3334	203
3335	203
3336	204
3337	204
3338	204
3339	204
3340	205
3341	205
3342	205
3343	205
3344	206
3345	206
3346	206
3347	206
3348	207
3349	207
3350	207
3351	207
3352	208
3353	208
3354	208
3355	208
3356	209
3357	209
3358	209
3359	209
3360	210
3361	210
3362	210
3363	210
3364	211
3365	211
3366	211
3367	211
3368	212
3369	212
3370	212
3371	212
3372	213
3373	213
3374	213
3375	213
3376	214
3377	214
3378	214
3379	214
3380	215
3381	215
3382	215
3383	215
3384	198
3385	198
3386	198
3387	198
3388	199
3389	199
3390	199
3391	199
3392	200
3393	200
3394	200
3395	200
3396	201
3397	201
3398	201
3399	201
3400	202
3401	202
3402	202
3403	202
3404	203
3405	203
3406	203
3407	203
3408	204
3409	204
3410	204
3411	204
3412	205
3413	205
3414	205
3415	205
3416	206
3417	206
3418	206
3419	206
3420	207
3421	207
3422	207
3423	207
3424	208
3425	208
3426	208
3427	208
3428	209
3429	209
3430	209
3431	209
3432	210
3433	210
3434	210
3435	210
3436	211
3437	211
3438	211
3439	211
3440	212
3441	212
3442	212
3443	212
3444	213
3445	213
3446	213
3447	213
3448	214
3449	214
3450	214
3451	214
3452	215
3453	215
3454	215
3455	215
3456	216
3457	216
3458	216
3459	216
3460	217
3461	217
3462	217
3463	217
3464	218
3465	218
3466	218
3467	218
3468	219
3469	219
3470	219
3471	219
3472	220
3473	220
3474	220
3475	220
3476	221
3477	221
3478	221
3479	221
3480	222
3481	222
3482	222
3483	222
3484	223
3485	223
3486	223
3487	223
3488	224
3489	224
3490	224
3491	224
3492	225
3493	225
3494	225
3495	225
3496	226
3497	226
3498	226
3499	226
3500	227
3501	227
3502	227
3503	227
3504	228
3505	228
3506	228
3507	228
3508	229
3509	229
3510	229
3511	229
3512	230
3513	230
3514	230
3515	230
3516	231
3517	231
3518	231
3519	231
3520	232
3521	232
3522	232
3523	232
3524	233
3525	233
3526	233
3527	233
3528	216
3529	216
3530	216
3531	216
3532	217
3533	217
3534	217
3535	217
3536	218
3537	218
3538	218
3539	218
3540	219
3541	219
3542	219
3543	219
3544	220
3545	220
3546	220
3547	220
3548	221
3549	221
3550	221
3551	221
3552	222
3553	222
3554	222
3555	222
3556	223
3557	223
3558	223
3559	223
3560	224
3561	224
3562	224
3563	224
3564	225
3565	225
3566	225
3567	225
3568	226
3569	226
3570	226
3571	226
3572	227
3573	227
3574	227
3575	227
3576	228
3577	228
3578	228
3579	228
3580	229
3581	229
3582	229
3583	229
3584	230
3585	230
3586	230
3587	230
3588	231
3589	231
3590	231
3591	231
3592	232
3593	232
3594	232
3595	232
3596	233
3597	233
3598	233
3599	233
3600	216
3601	216
3602	216
3603	216
3604	217
3605	217
3606	217
3607	217
3608	218
3609	218
3610	218
3611	218
3612	219
3613	219
3614	219
3615	219
3616	220
3617	220
3618	220
3619	220
3620	221
3621	221
3622	221
3623	221
3624	222
3625	222
3626	222
3627	222
3628	223
3629	223
3630	223
3631	223
3632	224
3633	224
3634	224
3635	224
3636	225
3637	225
3638	225
3639	225
3640	226
3641	226
3642	226
3643	226
3644	227
3645	227
3646	227
3647	227
3648	228
3649	228
3650	228
3651	228
3652	229
3653	229
3654	229
3655	229
3656	230
3657	230
3658	230
3659	230
3660	231
3661	231
3662	231
3663	231
3664	232
3665	232
3666	232
3667	232
3668	233
3669	233
3670	233
3671	233
3672	216
3673	216
3674	216
3675	216
3676	217
3677	217
3678	217
3679	217
3680	218
3681	218
3682	218
3683	218
3684	219
3685	219
3686	219
3687	219
3688	220
3689	220
3690	220
3691	220
3692	221
3693	221
3694	221
3695	221
3696	222
3697	222
3698	222
3699	222
3700	223
3701	223
3702	223
3703	223
3704	224
3705	224
3706	224
3707	224
3708	225
3709	225
3710	225
3711	225
3712	226
3713	226
3714	226
3715	226
3716	227
3717	227
3718	227
3719	227
3720	228
3721	228
3722	228
3723	228
3724	229
3725	229
3726	229
3727	229
3728	230
3729	230
3730	230
3731	230
3732	231
3733	231
3734	231
3735	231
3736	232
3737	232
3738	232
3739	232
3740	233
3741	233
3742	233
3743	233
3744	234
3745	234
3746	234
3747	234
3748	235
3749	235
3750	235
3751	235
3752	236
3753	236
3754	236
3755	236
3756	237
3757	237
3758	237
3759	237
3760	238
3761	238
3762	238
3763	238
3764	239
3765	239
3766	239
3767	239
3768	240
3769	240
3770	240
3771	240
3772	241
3773	241
3774	241
3775	241
3776	242
3777	242
3778	242
3779	242
3780	243
3781	243
3782	243
3783	243
3784	244
3785	244
3786	244
3787	244
3788	245
3789	245
3790	245
3791	245
3792	246
3793	246
3794	246
3795	246
3796	247
3797	247
3798	247
3799	247
3800	248
3801	248
3802	248
3803	248
3804	249
3805	249
3806	249
3807	249
3808	250
3809	250
3810	250
3811	250
3812	251
3813	251
3814	251
3815	251
3816	234
3817	234
3818	234
3819	234
3820	235
3821	235
3822	235
3823	235
3824	236
3825	236
3826	236
3827	236
3828	237
3829	237
3830	237
3831	237
3832	238
3833	238
3834	238
3835	238
3836	239
3837	239
3838	239
3839	239
3840	240
3841	240
3842	240
3843	240
3844	241
3845	241
3846	241
3847	241
3848	242
3849	242
3850	242
3851	242
3852	243
3853	243
3854	243
3855	243
3856	244
3857	244
3858	244
3859	244
3860	245
3861	245
3862	245
3863	245
3864	246
3865	246
3866	246
3867	246
3868	247
3869	247
3870	247
3871	247
3872	248
3873	248
3874	248
3875	248
3876	249
3877	249
3878	249
3879	249
3880	250
3881	250
3882	250
3883	250
3884	251
3885	251
3886	251
3887	251
3888	234
3889	234
3890	234
3891	234
3892	235
3893	235
3894	235
3895	235
3896	236
3897	236
3898	236
3899	236
3900	237
3901	237
3902	237
3903	237
3904	238
3905	238
3906	238
3907	238
3908	239
3909	239
3910	239
3911	239
3912	240
3913	240
3914	240
3915	240
3916	241
3917	241
3918	241
3919	241
3920	242
3921	242
3922	242
3923	242
3924	243
3925	243
3926	243
3927	243
3928	244
3929	244
3930	244
3931	244
3932	245
3933	245
3934	245
3935	245
3936	246
3937	246
3938	246
3939	246
3940	247
3941	247
3942	247
3943	247
3944	248
3945	248
3946	248
3947	248
3948	249
3949	249
3950	249
3951	249
3952	250
3953	250
3954	250
3955	250
3956	251
3957	251
3958	251
3959	251
3960	234
3961	234
3962	234
3963	234
3964	235
3965	235
3966	235
3967	235
3968	236
3969	236
3970	236
3971	236
3972	237
3973	237
3974	237
3975	237
3976	238
3977	238
3978	238
3979	238
3980	239
3981	239
3982	239
3983	239
3984	240
3985	240
3986	240
3987	240
3988	241
3989	241
3990	241
3991	241
3992	242
3993	242
3994	242
3995	242
3996	243
3997	243
3998	243
3999	243
4000	244
4001	244
4002	244
4003	244
4004	245
4005	245
4006	245
4007	245
4008	246
4009	246
4010	246
4011	246
4012	247
4013	247
4014	247
4015	247
4016	248
4017	248
4018	248
4019	248
4020	249
4021	249
4022	249
4023	249
4024	250
4025	250
4026	250
4027	250
4028	251
4029	251
4030	251
4031	251
4032	252
4033	252
4034	252
4035	252
4036	253
4037	253
4038	253
4039	253
4040	254
4041	254
4042	254
4043	254
4044	255
4045	255
4046	255
4047	255
4048	256
4049	256
4050	256
4051	256
4052	257
4053	257
4054	257
4055	257
4056	258
4057	258
4058	258
4059	258
4060	259
4061	259
4062	259
4063	259
4064	260
4065	260
4066	260
4067	260
4068	261
4069	261
4070	261
4071	261
4072	262
4073	262
4074	262
4075	262
4076	263
4077	263
4078	263
4079	263
4080	264
4081	264
4082	264
4083	264
4084	265
4085	265
4086	265
4087	265
4088	266
4089	266
4090	266
4091	266
4092	267
4093	267
4094	267
4095	267
4096	268
4097	268
4098	268
4099	268
4100	269
4101	269
4102	269
4103	269
4104	252
4105	252
4106	252
4107	252
4108	253
4109	253
4110	253
4111	253
4112	254
4113	254
4114	254
4115	254
4116	255
4117	255
4118	255
4119	255
4120	256
4121	256
4122	256
4123	256
4124	257
4125	257
4126	257
4127	257
4128	258
4129	258
4130	258
4131	258
4132	259
4133	259
4134	259
4135	259
4136	260
4137	260
4138	260
4139	260
4140	261
4141	261
4142	261
4143	261
4144	262
4145	262
4146	262
4147	262
4148	263
4149	263
4150	263
4151	263
4152	264
4153	264
4154	264
4155	264
4156	265
4157	265
4158	265
4159	265
4160	266
4161	266
4162	266
4163	266
4164	267
4165	267
4166	267
4167	267
4168	268
4169	268
4170	268
4171	268
4172	269
4173	269
4174	269
4175	269
4176	252
4177	252
4178	252
4179	252
4180	253
4181	253
4182	253
4183	253
4184	254
4185	254
4186	254
4187	254
4188	255
4189	255
4190	255
4191	255
4192	256
4193	256
4194	256
4195	256
4196	257
4197	257
4198	257
4199	257
4200	258
4201	258
4202	258
4203	258
4204	259
4205	259
4206	259
4207	259
4208	260
4209	260
4210	260
4211	260
4212	261
4213	261
4214	261
4215	261
4216	262
4217	262
4218	262
4219	262
4220	263
4221	263
4222	263
4223	263
4224	264
4225	264
4226	264
4227	264
4228	265
4229	265
4230	265
4231	265
4232	266
4233	266
4234	266
4235	266
4236	267
4237	267
4238	267
4239	267
4240	268
4241	268
4242	268
4243	268
4244	269
4245	269
4246	269
4247	269
4248	252
4249	252
4250	252
4251	252
4252	253
4253	253
4254	253
4255	253
4256	254
4257	254
4258	254
4259	254
4260	255
4261	255
4262	255
4263	255
4264	256
4265	256
4266	256
4267	256
4268	257
4269	257
4270	257
4271	257
4272	258
4273	258
4274	258
4275	258
4276	259
4277	259
4278	259
4279	259
4280	260
4281	260
4282	260
4283	260
4284	261
4285	261
4286	261
4287	261
4288	262
4289	262
4290	262
4291	262
4292	263
4293	263
4294	263
4295	263
4296	264
4297	264
4298	264
4299	264
4300	265
4301	265
4302	265
4303	265
4304	266
4305	266
4306	266
4307	266
4308	267
4309	267
4310	267
4311	267
4312	268
4313	268
4314	268
4315	268
4316	269
4317	269
4318	269
4319	269
4320	270
4321	270
4322	270
4323	270
4324	271
4325	271
4326	271
4327	271
4328	272
4329	272
4330	272
4331	272
4332	273
4333	273
4334	273
4335	273
4336	274
4337	274
4338	274
4339	274
4340	275
4341	275
4342	275
4343	275
4344	276
4345	276
4346	276
4347	276
4348	277
4349	277
4350	277
4351	277
4352	278
4353	278
4354	278
4355	278
4356	279
4357	279
4358	279
4359	279
4360	280
4361	280
4362	280
4363	280
4364	281
4365	281
4366	281
4367	281
4368	282
4369	282
4370	282
4371	282
4372	283
4373	283
4374	283
4375	283
4376	284
4377	284
4378	284
4379	284
4380	285
4381	285
4382	285
4383	285
4384	286
4385	286
4386	286
4387	286
4388	287
4389	287
4390	287
4391	287
4392	270
4393	270
4394	270
4395	270
4396	271
4397	271
4398	271
4399	271
4400	272
4401	272
4402	272
4403	272
4404	273
4405	273
4406	273
4407	273
4408	274
4409	274
4410	274
4411	274
4412	275
4413	275
4414	275
4415	275
4416	276
4417	276
4418	276
4419	276
4420	277
4421	277
4422	277
4423	277
4424	278
4425	278
4426	278
4427	278
4428	279
4429	279
4430	279
4431	279
4432	280
4433	280
4434	280
4435	280
4436	281
4437	281
4438	281
4439	281
4440	282
4441	282
4442	282
4443	282
4444	283
4445	283
4446	283
4447	283
4448	284
4449	284
4450	284
4451	284
4452	285
4453	285
4454	285
4455	285
4456	286
4457	286
4458	286
4459	286
4460	287
4461	287
4462	287
4463	287
4464	270
4465	270
4466	270
4467	270
4468	271
4469	271
4470	271
4471	271
4472	272
4473	272
4474	272
4475	272
4476	273
4477	273
4478	273
4479	273
4480	274
4481	274
4482	274
4483	274
4484	275
4485	275
4486	275
4487	275
4488	276
4489	276
4490	276
4491	276
4492	277
4493	277
4494	277
4495	277
4496	278
4497	278
4498	278
4499	278
4500	279
4501	279
4502	279
4503	279
4504	280
4505	280
4506	280
4507	280
4508	281
4509	281
4510	281
4511	281
4512	282
4513	282
4514	282
4515	282
4516	283
4517	283
4518	283
4519	283
4520	284
4521	284
4522	284
4523	284
4524	285
4525	285
4526	285
4527	285
4528	286
4529	286
4530	286
4531	286
4532	287
4533	287
4534	287
4535	287
4536	270
4537	270
4538	270
4539	270
4540	271
4541	271
4542	271
4543	271
4544	272
4545	272
4546	272
4547	272
4548	273
4549	273
4550	273
4551	273
4552	274
4553	274
4554	274
4555	274
4556	275
4557	275
4558	275
4559	275
4560	276
4561	276
4562	276
4563	276
4564	277
4565	277
4566	277
4567	277
4568	278
4569	278
4570	278
4571	278
4572	279
4573	279
4574	279
4575	279
4576	280
4577	280
4578	280
4579	280
4580	281
4581	281
4582	281
4583	281
4584	282
4585	282
4586	282
4587	282
4588	283
4589	283
4590	283
4591	283
4592	284
4593	284
4594	284
4595	284
4596	285
4597	285
4598	285
4599	285
4600	286
4601	286
4602	286
4603	286
4604	287
4605	287
4606	287
4607	287
4608	288
4609	288
4610	288
4611	288
4612	289
4613	289
4614	289
4615	289
4616	290
4617	290
4618	290
4619	290
4620	291
4621	291
4622	291
4623	291
4624	292
4625	292
4626	292
4627	292
4628	293
4629	293
4630	293
4631	293
4632	294
4633	294
4634	294
4635	294
4636	295
4637	295
4638	295
4639	295
4640	296
4641	296
4642	296
4643	296
4644	297
4645	297
4646	297
4647	297
4648	298
4649	298
4650	298
4651	298
4652	299
4653	299
4654	299
4655	299
4656	300
4657	300
4658	300
4659	300
4660	301
4661	301
4662	301
4663	301
4664	302
4665	302
4666	302
4667	302
4668	303
4669	303
4670	303
4671	303
4672	304
4673	304
4674	304
4675	304
4676	305
4677	305
4678	305
4679	305
4680	288
4681	288
4682	288
4683	288
4684	289
4685	289
4686	289
4687	289
4688	290
4689	290
4690	290
4691	290
4692	291
4693	291
4694	291
4695	291
4696	292
4697	292
4698	292
4699	292
4700	293
4701	293
4702	293
4703	293
4704	294
4705	294
4706	294
4707	294
4708	295
4709	295
4710	295
4711	295
4712	296
4713	296
4714	296
4715	296
4716	297
4717	297
4718	297
4719	297
4720	298
4721	298
4722	298
4723	298
4724	299
4725	299
4726	299
4727	299
4728	300
4729	300
4730	300
4731	300
4732	301
4733	301
4734	301
4735	301
4736	302
4737	302
4738	302
4739	302
4740	303
4741	303
4742	303
4743	303
4744	304
4745	304
4746	304
4747	304
4748	305
4749	305
4750	305
4751	305
4752	288
4753	288
4754	288
4755	288
4756	289
4757	289
4758	289
4759	289
4760	290
4761	290
4762	290
4763	290
4764	291
4765	291
4766	291
4767	291
4768	292
4769	292
4770	292
4771	292
4772	293
4773	293
4774	293
4775	293
4776	294
4777	294
4778	294
4779	294
4780	295
4781	295
4782	295
4783	295
4784	296
4785	296
4786	296
4787	296
4788	297
4789	297
4790	297
4791	297
4792	298
4793	298
4794	298
4795	298
4796	299
4797	299
4798	299
4799	299
4800	300
4801	300
4802	300
4803	300
4804	301
4805	301
4806	301
4807	301
4808	302
4809	302
4810	302
4811	302
4812	303
4813	303
4814	303
4815	303
4816	304
4817	304
4818	304
4819	304
4820	305
4821	305
4822	305
4823	305
4824	288
4825	288
4826	288
4827	288
4828	289
4829	289
4830	289
4831	289
4832	290
4833	290
4834	290
4835	290
4836	291
4837	291
4838	291
4839	291
4840	292
4841	292
4842	292
4843	292
4844	293
4845	293
4846	293
4847	293
4848	294
4849	294
4850	294
4851	294
4852	295
4853	295
4854	295
4855	295
4856	296
4857	296
4858	296
4859	296
4860	297
4861	297
4862	297
4863	297
4864	298
4865	298
4866	298
4867	298
4868	299
4869	299
4870	299
4871	299
4872	300
4873	300
4874	300
4875	300
4876	301
4877	301
4878	301
4879	301
4880	302
4881	302
4882	302
4883	302
4884	303
4885	303
4886	303
4887	303
4888	304
4889	304
4890	304
4891	304
4892	305
4893	305
4894	305
4895	305
4896	306
4897	306
4898	306
4899	306
4900	307
4901	307
4902	307
4903	307
4904	308
4905	308
4906	308
4907	308
4908	309
4909	309
4910	309
4911	309
4912	310
4913	310
4914	310
4915	310
4916	311
4917	311
4918	311
4919	311
4920	312
4921	312
4922	312
4923	312
4924	313
4925	313
4926	313
4927	313
4928	314
4929	314
4930	314
4931	314
4932	315
4933	315
4934	315
4935	315
4936	316
4937	316
4938	316
4939	316
4940	317
4941	317
4942	317
4943	317
4944	318
4945	318
4946	318
4947	318
4948	319
4949	319
4950	319
4951	319
4952	320
4953	320
4954	320
4955	320
4956	321
4957	321
4958	321
4959	321
4960	322
4961	322
4962	322
4963	322
4964	323
4965	323
4966	323
4967	323
4968	306
4969	306
4970	306
4971	306
4972	307
4973	307
4974	307
4975	307
4976	308
4977	308
4978	308
4979	308
4980	309
4981	309
4982	309
4983	309
4984	310
4985	310
4986	310
4987	310
4988	311
4989	311
4990	311
4991	311
4992	312
4993	312
4994	312
4995	312
4996	313
4997	313
4998	313
4999	313
5000	314
5001	314
5002	314
5003	314
5004	315
5005	315
5006	315
5007	315
5008	316
5009	316
5010	316
5011	316
5012	317
5013	317
5014	317
5015	317
5016	318
5017	318
5018	318
5019	318
5020	319
5021	319
5022	319
5023	319
5024	320
5025	320
5026	320
5027	320
5028	321
5029	321
5030	321
5031	321
5032	322
5033	322
5034	322
5035	322
5036	323
5037	323
5038	323
5039	323
5040	306
5041	306
5042	306
5043	306
5044	307
5045	307
5046	307
5047	307
5048	308
5049	308
5050	308
5051	308
5052	309
5053	309
5054	309
5055	309
5056	310
5057	310
5058	310
5059	310
5060	311
5061	311
5062	311
5063	311
5064	312
5065	312
5066	312
5067	312
5068	313
5069	313
5070	313
5071	313
5072	314
5073	314
5074	314
5075	314
5076	315
5077	315
5078	315
5079	315
5080	316
5081	316
5082	316
5083	316
5084	317
5085	317
5086	317
5087	317
5088	318
5089	318
5090	318
5091	318
5092	319
5093	319
5094	319
5095	319
5096	320
5097	320
5098	320
5099	320
5100	321
5101	321
5102	321
5103	321
5104	322
5105	322
5106	322
5107	322
5108	323
5109	323
5110	323
5111	323
5112	306
5113	306
5114	306
5115	306
5116	307
5117	307
5118	307
5119	307
5120	308
5121	308
5122	308
5123	308
5124	309
5125	309
5126	309
5127	309
5128	310
5129	310
5130	310
5131	310
5132	311
5133	311
5134	311
5135	311
5136	312
5137	312
5138	312
5139	312
5140	313
5141	313
5142	313
5143	313
5144	314
5145	314
5146	314
5147	314
5148	315
5149	315
5150	315
5151	315
5152	316
5153	316
5154	316
5155	316
5156	317
5157	317
5158	317
5159	317
5160	318
5161	318
5162	318
5163	318
5164	319
5165	319
5166	319
5167	319
5168	320
5169	320
5170	320
5171	320
5172	321
5173	321
5174	321
5175	321
5176	322
5177	322
5178	322
5179	322
5180	323
5181	323
5182	323
5183	323
