0	0
1	0
2	0
3	0
4	1
5	1
6	1
7	1
8	2
9	2
10	2
11	2
12	3
13	3
14	3
15	3
16	4
17	4
18	4
19	4
20	5
21	5
22	5
23	5
24	6
25	6
26	6
27	6
28	7
29	7
30	7
31	7
32	8
33	8
34	8
35	8
36	9
37	9
38	9
39	9
40	10
41	10
42	10
43	10
44	11
45	11
46	11
47	11
48	12
49	12
50	12
51	12
52	13
53	13
54	13
55	13
56	14
57	14
58	14
59	14
60	15
61	15
62	15
63	15
64	16
65	16
66	16
67	16
68	17
69	17
70	17
71	17
72	18
73	18
74	18
75	18
76	19
77	19
78	19
79	19
80	20
81	20
82	20
83	20
84	21
85	21
86	21
87	21
88	22
89	22
90	22
91	22
92	23
93	23
94	23
95	23
96	24
97	24
98	24
99	24
100	25
101	25
102	25
103	25
104	26
105	26
106	26
107	26
108	27
109	27
110	27
111	27
112	28
113	28
114	28
115	28
116	29
117	29
118	29
119	29
120	30
121	30
122	30
123	30
124	31
125	31
126	31
127	31
128	32
129	32
130	32
131	32
132	33
133	33
134	33
135	33
136	34
137	34
138	34
139	34
140	35
141	35
142	35
143	35
144	0
145	0
146	0
147	0
148	1
149	1
150	1
151	1
152	2
153	2
154	2
155	2
156	3
157	3
158	3
159	3
160	4
161	4
162	4
163	4
164	5
165	5
166	5
167	5
168	6
169	6
170	6
171	6
172	7
173	7
174	7
175	7
176	8
177	8
178	8
179	8
180	9
181	9
182	9
183	9
184	10
185	10
186	10
187	10
188	11
189	11
190	11
191	11
192	12
193	12
194	12
195	12
196	13
197	13
198	13
199	13
200	14
201	14
202	14
203	14
204	15
205	15
206	15
207	15
208	16
209	16
210	16
211	16
212	17
213	17
214	17
215	17
216	18
217	18
218	18
219	18
220	19
221	19
222	19
223	19
224	20
225	20
226	20
227	20
228	21
229	21
230	21
231	21
232	22
233	22
234	22
235	22
236	23
237	23
238	23
239	23
240	24
241	24
242	24
243	24
244	25
245	25
246	25
247	25
248	26
249	26
250	26
251	26
252	27
253	27
254	27
255	27
256	28
257	28
258	28
259	28
260	29
261	29
262	29
263	29
264	30
265	30
266	30
267	30
268	31
269	31
270	31
271	31
272	32
273	32
274	32
275	32
276	33
277	33
278	33
279	33
280	34
281	34
282	34
283	34
284	35
285	35
286	35
287	35
288	0
289	0
290	0
291	0
292	1
293	1
294	1
295	1
296	2
297	2
298	2
299	2
300	3
301	3
302	3
303	3
304	4
305	4
306	4
307	4
308	5
309	5
310	5
311	5
312	6
313	6
314	6
315	6
316	7
317	7
318	7
319	7
320	8
321	8
322	8
323	8
324	9
325	9
326	9
327	9
328	10
329	10
330	10
331	10
332	11
333	11
334	11
335	11
336	12
337	12
338	12
339	12
340	13
341	13
342	13
343	13
344	14
345	14
346	14
347	14
348	15
349	15
350	15
351	15
352	16
353	16
354	16
355	16
356	17
357	17
358	17
359	17
360	18
361	18
362	18
363	18
364	19
365	19
366	19
367	19
368	20
369	20
370	20
371	20
372	21
373	21
374	21
375	21
376	22
377	22
378	22
379	22
380	23
381	23
382	23
383	23
384	24
385	24
386	24
387	24
388	25
389	25
390	25
391	25
392	26
393	26
394	26
395	26
396	27
397	27
398	27
399	27
400	28
401	28
402	28
403	28
404	29
405	29
406	29
407	29
408	30
409	30
410	30
411	30
412	31
413	31
414	31
415	31
416	32
417	32
418	32
419	32
420	33
421	33
422	33
423	33
424	34
425	34
426	34
427	34
428	35
429	35
430	35
431	35
432	0
433	0
434	0
435	0
436	1
437	1
438	1
439	1
440	2
441	2
442	2
443	2
444	3
445	3
446	3
447	3
448	4
449	4
450	4
451	4
452	5
453	5
454	5
455	5
456	6
457	6
458	6
459	6
460	7
461	7
462	7
463	7
464	8
465	8
466	8
467	8
468	9
469	9
470	9
471	9
472	10
473	10
474	10
475	10
476	11
477	11
478	11
479	11
480	12
481	12
482	12
483	12
484	13
485	13
486	13
487	13
488	14
489	14
490	14
491	14
492	15
493	15
494	15
495	15
496	16
497	16
498	16
499	16
500	17
501	17
502	17
503	17
504	18
505	18
506	18
507	18
508	19
509	19
510	19
511	19
512	20
513	20
514	20
515	20
516	21
517	21
518	21
519	21
520	22
521	22
522	22
523	22
524	23
525	23
526	23
527	23
528	24
529	24
530	24
531	24
532	25
533	25
534	25
535	25
536	26
537	26
538	26
539	26
540	27
541	27
542	27
543	27
544	28
545	28
546	28
547	28
548	29
549	29
550	29
551	29
552	30
553	30
554	30
555	30
556	31
557	31
558	31
559	31
560	32
561	32
562	32
563	32
564	33
565	33
566	33
567	33
568	34
569	34
570	34
571	34
572	35
573	35
574	35
575	35
576	36
577	36
578	36
579	36
580	37
581	37
582	37
583	37
584	38
585	38
586	38
587	38
588	39
589	39
590	39
591	39
592	40
593	40
594	40
595	40
596	41
597	41
598	41
599	41
600	42
601	42
602	42
603	42
604	43
605	43
606	43
607	43
608	44
609	44
610	44
611	44
612	45
613	45
614	45
615	45
616	46
617	46
618	46
619	46
620	47
621	47
622	47
623	47
624	48
625	48
626	48
627	48
628	49
629	49
630	49
631	49
632	50
633	50
634	50
635	50
636	51
637	51
638	51
639	51
640	52
641	52
642	52
643	52
644	53
645	53
646	53
647	53
648	54
649	54
650	54
651	54
652	55
653	55
654	55
655	55
656	56
657	56
658	56
659	56
660	57
661	57
662	57
663	57
664	58
665	58
666	58
667	58
668	59
669	59
670	59
671	59
672	60
673	60
674	60
675	60
676	61
677	61
678	61
679	61
680	62
681	62
682	62
683	62
684	63
685	63
686	63
687	63
688	64
689	64
690	64
691	64
692	65
693	65
694	65
695	65
696	66
697	66
698	66
699	66
700	67
701	67
702	67
703	67
704	68
705	68
706	68
707	68
708	69
709	69
710	69
711	69
712	70
713	70
714	70
715	70
716	71
717	71
718	71
719	71
720	36
721	36
722	36
723	36
724	37
725	37
726	37
727	37
728	38
729	38
730	38
731	38
732	39
733	39
734	39
735	39
736	40
737	40
738	40
739	40
740	41
741	41
742	41
743	41
744	42
745	42
746	42
747	42
748	43
749	43
750	43
751	43
752	44
753	44
754	44
755	44
756	45
757	45
758	45
759	45
760	46
761	46
762	46
763	46
764	47
765	47
766	47
767	47
768	48
769	48
770	48
771	48
772	49
773	49
774	49
775	49
776	50
777	50
778	50
779	50
780	51
781	51
782	51
783	51
784	52
785	52
786	52
787	52
788	53
789	53
790	53
791	53
792	54
793	54
794	54
795	54
796	55
797	55
798	55
799	55
800	56
801	56
802	56
803	56
804	57
805	57
806	57
807	57
808	58
809	58
810	58
811	58
812	59
813	59
814	59
815	59
816	60
817	60
818	60
819	60
820	61
821	61
822	61
823	61
824	62
825	62
826	62
827	62
828	63
829	63
830	63
831	63
832	64
833	64
834	64
835	64
836	65
837	65
838	65
839	65
840	66
841	66
842	66
843	66
844	67
845	67
846	67
847	67
848	68
849	68
850	68
851	68
852	69
853	69
854	69
855	69
856	70
857	70
858	70
859	70
860	71
861	71
862	71
863	71
864	36
865	36
866	36
867	36
868	37
869	37
870	37
871	37
872	38
873	38
874	38
875	38
876	39
877	39
878	39
879	39
880	40
881	40
882	40
883	40
884	41
885	41
886	41
887	41
888	42
889	42
890	42
891	42
892	43
893	43
894	43
895	43
896	44
897	44
898	44
899	44
900	45
901	45
902	45
903	45
904	46
905	46
906	46
907	46
908	47
909	47
910	47
911	47
912	48
913	48
914	48
915	48
916	49
917	49
918	49
919	49
920	50
921	50
922	50
923	50
924	51
925	51
926	51
927	51
928	52
929	52
930	52
931	52
932	53
933	53
934	53
935	53
936	54
937	54
938	54
939	54
940	55
941	55
942	55
943	55
944	56
945	56
946	56
947	56
948	57
949	57
950	57
951	57
952	58
953	58
954	58
955	58
956	59
957	59
958	59
959	59
960	60
961	60
962	60
963	60
964	61
965	61
966	61
967	61
968	62
969	62
970	62
971	62
972	63
973	63
974	63
975	63
976	64
977	64
978	64
979	64
980	65
981	65
982	65
983	65
984	66
985	66
986	66
987	66
988	67
989	67
990	67
991	67
992	68
993	68
994	68
995	68
996	69
997	69
998	69
999	69
1000	70
1001	70
1002	70
1003	70
1004	71
1005	71
1006	71
1007	71
1008	36
1009	36
1010	36
1011	36
1012	37
1013	37
1014	37
1015	37
1016	38
1017	38
1018	38
1019	38
1020	39
1021	39
1022	39
1023	39
1024	40
1025	40
1026	40
1027	40
1028	41
1029	41
1030	41
1031	41
1032	42
1033	42
1034	42
1035	42
1036	43
1037	43
1038	43
1039	43
1040	44
1041	44
1042	44
1043	44
1044	45
1045	45
1046	45
1047	45
1048	46
1049	46
1050	46
1051	46
1052	47
1053	47
1054	47
1055	47
1056	48
1057	48
1058	48
1059	48
1060	49
1061	49
1062	49
1063	49
1064	50
1065	50
1066	50
1067	50
1068	51
1069	51
1070	51
1071	51
1072	52
1073	52
1074	52
1075	52
1076	53
1077	53
1078	53
1079	53
1080	54
1081	54
1082	54
1083	54
1084	55
1085	55
1086	55
1087	55
1088	56
1089	56
1090	56
1091	56
1092	57
1093	57
1094	57
1095	57
1096	58
1097	58
1098	58
1099	58
1100	59
1101	59
1102	59
1103	59
1104	60
1105	60
1106	60
1107	60
1108	61
1109	61
1110	61
1111	61
1112	62
1113	62
1114	62
1115	62
1116	63
1117	63
1118	63
1119	63
1120	64
1121	64
1122	64
1123	64
1124	65
1125	65
1126	65
1127	65
1128	66
1129	66
1130	66
1131	66
1132	67
1133	67
1134	67
1135	67
1136	68
1137	68
1138	68
1139	68
1140	69
1141	69
1142	69
1143	69
1144	70
1145	70
1146	70
1147	70
1148	71
1149	71
1150	71
1151	71
1152	72
1153	72
1154	72
1155	72
1156	73
1157	73
1158	73
1159	73
1160	74
1161	74
1162	74
1163	74
1164	75
1165	75
1166	75
1167	75
1168	76
1169	76
1170	76
1171	76
1172	77
1173	77
1174	77
1175	77
1176	78
1177	78
1178	78
1179	78
1180	79
1181	79
1182	79
1183	79
1184	80
1185	80
1186	80
1187	80
1188	81
1189	81
1190	81
1191	81
1192	82
1193	82
1194	82
1195	82
1196	83
1197	83
1198	83
1199	83
1200	84
1201	84
1202	84
1203	84
1204	85
1205	85
1206	85
1207	85
1208	86
1209	86
1210	86
1211	86
1212	87
1213	87
1214	87
1215	87
1216	88
1217	88
1218	88
1219	88
1220	89
1221	89
1222	89
1223	89
1224	90
1225	90
1226	90
1227	90
1228	91
1229	91
1230	91
1231	91
1232	92
1233	92
1234	92
1235	92
1236	93
1237	93
1238	93
1239	93
1240	94
1241	94
1242	94
1243	94
1244	95
1245	95
1246	95
1247	95
1248	96
1249	96
1250	96
1251	96
1252	97
1253	97
1254	97
1255	97
1256	98
1257	98
1258	98
1259	98
1260	99
1261	99
1262	99
1263	99
1264	100
1265	100
1266	100
1267	100
1268	101
1269	101
1270	101
1271	101
1272	102
1273	102
1274	102
1275	102
1276	103
1277	103
1278	103
1279	103
1280	104
1281	104
1282	104
1283	104
1284	105
1285	105
1286	105
1287	105
1288	106
1289	106
1290	106
1291	106
1292	107
1293	107
1294	107
1295	107
1296	72
1297	72
1298	72
1299	72
1300	73
1301	73
1302	73
1303	73
1304	74
1305	74
1306	74
1307	74
1308	75
1309	75
1310	75
1311	75
1312	76
1313	76
1314	76
1315	76
1316	77
1317	77
1318	77
1319	77
1320	78
1321	78
1322	78
1323	78
1324	79
1325	79
1326	79
1327	79
1328	80
1329	80
1330	80
1331	80
1332	81
1333	81
1334	81
1335	81
1336	82
1337	82
1338	82
1339	82
1340	83
1341	83
1342	83
1343	83
1344	84
1345	84
1346	84
1347	84
1348	85
1349	85
1350	85
1351	85
1352	86
1353	86
1354	86
1355	86
1356	87
1357	87
1358	87
1359	87
1360	88
1361	88
1362	88
1363	88
1364	89
1365	89
1366	89
1367	89
1368	90
1369	90
1370	90
1371	90
1372	91
1373	91
1374	91
1375	91
1376	92
1377	92
1378	92
1379	92
1380	93
1381	93
1382	93
1383	93
1384	94
1385	94
1386	94
1387	94
1388	95
1389	95
1390	95
1391	95
1392	96
1393	96
1394	96
1395	96
1396	97
1397	97
1398	97
1399	97
1400	98
1401	98
1402	98
1403	98
1404	99
1405	99
1406	99
1407	99
1408	100
1409	100
1410	100
1411	100
1412	101
1413	101
1414	101
1415	101
1416	102
1417	102
1418	102
1419	102
1420	103
1421	103
1422	103
1423	103
1424	104
1425	104
1426	104
1427	104
1428	105
1429	105
1430	105
1431	105
1432	106
1433	106
1434	106
1435	106
1436	107
1437	107
1438	107
1439	107
1440	72
1441	72
1442	72
1443	72
1444	73
1445	73
1446	73
1447	73
1448	74
1449	74
1450	74
1451	74
1452	75
1453	75
1454	75
1455	75
1456	76
1457	76
1458	76
1459	76
1460	77
1461	77
1462	77
1463	77
1464	78
1465	78
1466	78
1467	78
1468	79
1469	79
1470	79
1471	79
1472	80
1473	80
1474	80
1475	80
1476	81
1477	81
1478	81
1479	81
1480	82
1481	82
1482	82
1483	82
1484	83
1485	83
1486	83
1487	83
1488	84
1489	84
1490	84
1491	84
1492	85
1493	85
1494	85
1495	85
1496	86
1497	86
1498	86
1499	86
1500	87
1501	87
1502	87
1503	87
1504	88
1505	88
1506	88
1507	88
1508	89
1509	89
1510	89
1511	89
1512	90
1513	90
1514	90
1515	90
1516	91
1517	91
1518	91
1519	91
1520	92
1521	92
1522	92
1523	92
1524	93
1525	93
1526	93
1527	93
1528	94
1529	94
1530	94
1531	94
1532	95
1533	95
1534	95
1535	95
1536	96
1537	96
1538	96
1539	96
1540	97
1541	97
1542	97
1543	97
1544	98
1545	98
1546	98
1547	98
1548	99
1549	99
1550	99
1551	99
1552	100
1553	100
1554	100
1555	100
1556	101
1557	101
1558	101
1559	101
1560	102
1561	102
1562	102
1563	102
1564	103
1565	103
1566	103
1567	103
1568	104
1569	104
1570	104
1571	104
1572	105
1573	105
1574	105
1575	105
1576	106
1577	106
1578	106
1579	106
1580	107
1581	107
1582	107
1583	107
1584	72
1585	72
1586	72
1587	72
1588	73
1589	73
1590	73
1591	73
1592	74
1593	74
1594	74
1595	74
1596	75
1597	75
1598	75
1599	75
1600	76
1601	76
1602	76
1603	76
1604	77
1605	77
1606	77
1607	77
1608	78
1609	78
1610	78
1611	78
1612	79
1613	79
1614	79
1615	79
1616	80
1617	80
1618	80
1619	80
1620	81
1621	81
1622	81
1623	81
1624	82
1625	82
1626	82
1627	82
1628	83
1629	83
1630	83
1631	83
1632	84
1633	84
1634	84
1635	84
1636	85
1637	85
1638	85
1639	85
1640	86
1641	86
1642	86
1643	86
1644	87
1645	87
1646	87
1647	87
1648	88
1649	88
1650	88
1651	88
1652	89
1653	89
1654	89
1655	89
1656	90
1657	90
1658	90
1659	90
1660	91
1661	91
1662	91
1663	91
1664	92
1665	92
1666	92
1667	92
1668	93
1669	93
1670	93
1671	93
1672	94
1673	94
1674	94
1675	94
1676	95
1677	95
1678	95
1679	95
1680	96
1681	96
1682	96
1683	96
1684	97
1685	97
1686	97
1687	97
1688	98
1689	98
1690	98
1691	98
1692	99
1693	99
1694	99
1695	99
1696	100
1697	100
1698	100
1699	100
1700	101
1701	101
1702	101
1703	101
1704	102
1705	102
1706	102
1707	102
1708	103
1709	103
1710	103
1711	103
1712	104
1713	104
1714	104
1715	104
1716	105
1717	105
1718	105
1719	105
1720	106
1721	106
1722	106
1723	106
1724	107
1725	107
1726	107
1727	107
1728	108
1729	108
1730	108
1731	108
1732	109
1733	109
1734	109
1735	109
1736	110
1737	110
1738	110
1739	110
1740	111
1741	111
1742	111
1743	111
1744	112
1745	112
1746	112
1747	112
1748	113
1749	113
1750	113
1751	113
1752	114
1753	114
1754	114
1755	114
1756	115
1757	115
1758	115
1759	115
1760	116
1761	116
1762	116
1763	116
1764	117
1765	117
1766	117
1767	117
1768	118
1769	118
1770	118
1771	118
1772	119
1773	119
1774	119
1775	119
1776	120
1777	120
1778	120
1779	120
1780	121
1781	121
1782	121
1783	121
1784	122
1785	122
1786	122
1787	122
1788	123
1789	123
1790	123
1791	123
1792	124
1793	124
1794	124
1795	124
1796	125
1797	125
1798	125
1799	125
1800	126
1801	126
1802	126
1803	126
1804	127
1805	127
1806	127
1807	127
1808	128
1809	128
1810	128
1811	128
1812	129
1813	129
1814	129
1815	129
1816	130
1817	130
1818	130
1819	130
1820	131
1821	131
1822	131
1823	131
1824	132
1825	132
1826	132
1827	132
1828	133
1829	133
1830	133
1831	133
1832	134
1833	134
1834	134
1835	134
1836	135
1837	135
1838	135
1839	135
1840	136
1841	136
1842	136
1843	136
1844	137
1845	137
1846	137
1847	137
1848	138
1849	138
1850	138
1851	138
1852	139
1853	139
1854	139
1855	139
1856	140
1857	140
1858	140
1859	140
1860	141
1861	141
1862	141
1863	141
1864	142
1865	142
1866	142
1867	142
1868	143
1869	143
1870	143
1871	143
1872	108
1873	108
1874	108
1875	108
1876	109
1877	109
1878	109
1879	109
1880	110
1881	110
1882	110
1883	110
1884	111
1885	111
1886	111
1887	111
1888	112
1889	112
1890	112
1891	112
1892	113
1893	113
1894	113
1895	113
1896	114
1897	114
1898	114
1899	114
1900	115
1901	115
1902	115
1903	115
1904	116
1905	116
1906	116
1907	116
1908	117
1909	117
1910	117
1911	117
1912	118
1913	118
1914	118
1915	118
1916	119
1917	119
1918	119
1919	119
1920	120
1921	120
1922	120
1923	120
1924	121
1925	121
1926	121
1927	121
1928	122
1929	122
1930	122
1931	122
1932	123
1933	123
1934	123
1935	123
1936	124
1937	124
1938	124
1939	124
1940	125
1941	125
1942	125
1943	125
1944	126
1945	126
1946	126
1947	126
1948	127
1949	127
1950	127
1951	127
1952	128
1953	128
1954	128
1955	128
1956	129
1957	129
1958	129
1959	129
1960	130
1961	130
1962	130
1963	130
1964	131
1965	131
1966	131
1967	131
1968	132
1969	132
1970	132
1971	132
1972	133
1973	133
1974	133
1975	133
1976	134
1977	134
1978	134
1979	134
1980	135
1981	135
1982	135
1983	135
1984	136
1985	136
1986	136
1987	136
1988	137
1989	137
1990	137
1991	137
1992	138
1993	138
1994	138
1995	138
1996	139
1997	139
1998	139
1999	139
2000	140
2001	140
2002	140
2003	140
2004	141
2005	141
2006	141
2007	141
2008	142
2009	142
2010	142
2011	142
2012	143
2013	143
2014	143
2015	143
2016	108
2017	108
2018	108
2019	108
2020	109
2021	109
2022	109
2023	109
2024	110
2025	110
2026	110
2027	110
2028	111
2029	111
2030	111
2031	111
2032	112
2033	112
2034	112
2035	112
2036	113
2037	113
2038	113
2039	113
2040	114
2041	114
2042	114
2043	114
2044	115
2045	115
2046	115
2047	115
2048	116
2049	116
2050	116
2051	116
2052	117
2053	117
2054	117
2055	117
2056	118
2057	118
2058	118
2059	118
2060	119
2061	119
2062	119
2063	119
2064	120
2065	120
2066	120
2067	120
2068	121
2069	121
2070	121
2071	121
2072	122
2073	122
2074	122
2075	122
2076	123
2077	123
2078	123
2079	123
2080	124
2081	124
2082	124
2083	124
2084	125
2085	125
2086	125
2087	125
2088	126
2089	126
2090	126
2091	126
2092	127
2093	127
2094	127
2095	127
2096	128
2097	128
2098	128
2099	128
2100	129
2101	129
2102	129
2103	129
2104	130
2105	130
2106	130
2107	130
2108	131
2109	131
2110	131
2111	131
2112	132
2113	132
2114	132
2115	132
2116	133
2117	133
2118	133
2119	133
2120	134
2121	134
2122	134
2123	134
2124	135
2125	135
2126	135
2127	135
2128	136
2129	136
2130	136
2131	136
2132	137
2133	137
2134	137
2135	137
2136	138
2137	138
2138	138
2139	138
2140	139
2141	139
2142	139
2143	139
2144	140
2145	140
2146	140
2147	140
2148	141
2149	141
2150	141
2151	141
2152	142
2153	142
2154	142
2155	142
2156	143
2157	143
2158	143
2159	143
2160	108
2161	108
2162	108
2163	108
2164	109
2165	109
2166	109
2167	109
2168	110
2169	110
2170	110
2171	110
2172	111
2173	111
2174	111
2175	111
2176	112
2177	112
2178	112
2179	112
2180	113
2181	113
2182	113
2183	113
2184	114
2185	114
2186	114
2187	114
2188	115
2189	115
2190	115
2191	115
2192	116
2193	116
2194	116
2195	116
2196	117
2197	117
2198	117
2199	117
2200	118
2201	118
2202	118
2203	118
2204	119
2205	119
2206	119
2207	119
2208	120
2209	120
2210	120
2211	120
2212	121
2213	121
2214	121
2215	121
2216	122
2217	122
2218	122
2219	122
2220	123
2221	123
2222	123
2223	123
2224	124
2225	124
2226	124
2227	124
2228	125
2229	125
2230	125
2231	125
2232	126
2233	126
2234	126
2235	126
2236	127
2237	127
2238	127
2239	127
2240	128
2241	128
2242	128
2243	128
2244	129
2245	129
2246	129
2247	129
2248	130
2249	130
2250	130
2251	130
2252	131
2253	131
2254	131
2255	131
2256	132
2257	132
2258	132
2259	132
2260	133
2261	133
2262	133
2263	133
2264	134
2265	134
2266	134
2267	134
2268	135
2269	135
2270	135
2271	135
2272	136
2273	136
2274	136
2275	136
2276	137
2277	137
2278	137
2279	137
2280	138
2281	138
2282	138
2283	138
2284	139
2285	139
2286	139
2287	139
2288	140
2289	140
2290	140
2291	140
2292	141
2293	141
2294	141
2295	141
2296	142
2297	142
2298	142
2299	142
2300	143
2301	143
2302	143
2303	143
2304	144
2305	144
2306	144
2307	144
2308	145
2309	145
2310	145
2311	145
2312	146
2313	146
2314	146
2315	146
2316	147
2317	147
2318	147
2319	147
2320	148
2321	148
2322	148
2323	148
2324	149
2325	149
2326	149
2327	149
2328	150
2329	150
2330	150
2331	150
2332	151
2333	151
2334	151
2335	151
2336	152
2337	152
2338	152
2339	152
2340	153
2341	153
2342	153
2343	153
2344	154
2345	154
2346	154
2347	154
2348	155
2349	155
2350	155
2351	155
2352	156
2353	156
2354	156
2355	156
2356	157
2357	157
2358	157
2359	157
2360	158
2361	158
2362	158
2363	158
2364	159
2365	159
2366	159
2367	159
2368	160
2369	160
2370	160
2371	160
2372	161
2373	161
2374	161
2375	161
2376	162
2377	162
2378	162
2379	162
2380	163
2381	163
2382	163
2383	163
2384	164
2385	164
2386	164
2387	164
2388	165
2389	165
2390	165
2391	165
2392	166
2393	166
2394	166
2395	166
2396	167
2397	167
2398	167
2399	167
2400	168
2401	168
2402	168
2403	168
2404	169
2405	169
2406	169
2407	169
2408	170
2409	170
2410	170
2411	170
2412	171
2413	171
2414	171
2415	171
2416	172
2417	172
2418	172
2419	172
2420	173
2421	173
2422	173
2423	173
2424	174
2425	174
2426	174
2427	174
2428	175
2429	175
2430	175
2431	175
2432	176
2433	176
2434	176
2435	176
2436	177
2437	177
2438	177
2439	177
2440	178
2441	178
2442	178
2443	178
2444	179
2445	179
2446	179
2447	179
2448	144
2449	144
2450	144
2451	144
2452	145
2453	145
2454	145
2455	145
2456	146
2457	146
2458	146
2459	146
2460	147
2461	147
2462	147
2463	147
2464	148
2465	148
2466	148
2467	148
2468	149
2469	149
2470	149
2471	149
2472	150
2473	150
2474	150
2475	150
2476	151
2477	151
2478	151
2479	151
2480	152
2481	152
2482	152
2483	152
2484	153
2485	153
2486	153
2487	153
2488	154
2489	154
2490	154
2491	154
2492	155
2493	155
2494	155
2495	155
2496	156
2497	156
2498	156
2499	156
2500	157
2501	157
2502	157
2503	157
2504	158
2505	158
2506	158
2507	158
2508	159
2509	159
2510	159
2511	159
2512	160
2513	160
2514	160
2515	160
2516	161
2517	161
2518	161
2519	161
2520	162
2521	162
2522	162
2523	162
2524	163
2525	163
2526	163
2527	163
2528	164
2529	164
2530	164
2531	164
2532	165
2533	165
2534	165
2535	165
2536	166
2537	166
2538	166
2539	166
2540	167
2541	167
2542	167
2543	167
2544	168
2545	168
2546	168
2547	168
2548	169
2549	169
2550	169
2551	169
2552	170
2553	170
2554	170
2555	170
2556	171
2557	171
2558	171
2559	171
2560	172
2561	172
2562	172
2563	172
2564	173
2565	173
2566	173
2567	173
2568	174
2569	174
2570	174
2571	174
2572	175
2573	175
2574	175
2575	175
2576	176
2577	176
2578	176
2579	176
2580	177
2581	177
2582	177
2583	177
2584	178
2585	178
2586	178
2587	178
2588	179
2589	179
2590	179
2591	179
2592	144
2593	144
2594	144
2595	144
2596	145
2597	145
2598	145
2599	145
2600	146
2601	146
2602	146
2603	146
2604	147
2605	147
2606	147
2607	147
2608	148
2609	148
2610	148
2611	148
2612	149
2613	149
2614	149
2615	149
2616	150
2617	150
2618	150
2619	150
2620	151
2621	151
2622	151
2623	151
2624	152
2625	152
2626	152
2627	152
2628	153
2629	153
2630	153
2631	153
2632	154
2633	154
2634	154
2635	154
2636	155
2637	155
2638	155
2639	155
2640	156
2641	156
2642	156
2643	156
2644	157
2645	157
2646	157
2647	157
2648	158
2649	158
2650	158
2651	158
2652	159
2653	159
2654	159
2655	159
2656	160
2657	160
2658	160
2659	160
2660	161
2661	161
2662	161
2663	161
2664	162
2665	162
2666	162
2667	162
2668	163
2669	163
2670	163
2671	163
2672	164
2673	164
2674	164
2675	164
2676	165
2677	165
2678	165
2679	165
2680	166
2681	166
2682	166
2683	166
2684	167
2685	167
2686	167
2687	167
2688	168
2689	168
2690	168
2691	168
2692	169
2693	169
2694	169
2695	169
2696	170
2697	170
2698	170
2699	170
2700	171
2701	171
2702	171
2703	171
2704	172
2705	172
2706	172
2707	172
2708	173
2709	173
2710	173
2711	173
2712	174
2713	174
2714	174
2715	174
2716	175
2717	175
2718	175
2719	175
2720	176
2721	176
2722	176
2723	176
2724	177
2725	177
2726	177
2727	177
2728	178
2729	178
2730	178
2731	178
2732	179
2733	179
2734	179
2735	179
2736	144
2737	144
2738	144
2739	144
2740	145
2741	145
2742	145
2743	145
2744	146
2745	146
2746	146
2747	146
2748	147
2749	147
2750	147
2751	147
2752	148
2753	148
2754	148
2755	148
2756	149
2757	149
2758	149
2759	149
2760	150
2761	150
2762	150
2763	150
2764	151
2765	151
2766	151
2767	151
2768	152
2769	152
2770	152
2771	152
2772	153
2773	153
2774	153
2775	153
2776	154
2777	154
2778	154
2779	154
2780	155
2781	155
2782	155
2783	155
2784	156
2785	156
2786	156
2787	156
2788	157
2789	157
2790	157
2791	157
2792	158
2793	158
2794	158
2795	158
2796	159
2797	159
2798	159
2799	159
2800	160
2801	160
2802	160
2803	160
2804	161
2805	161
2806	161
2807	161
2808	162
2809	162
2810	162
2811	162
2812	163
2813	163
2814	163
2815	163
2816	164
2817	164
2818	164
2819	164
2820	165
2821	165
2822	165
2823	165
2824	166
2825	166
2826	166
2827	166
2828	167
2829	167
2830	167
2831	167
2832	168
2833	168
2834	168
2835	168
2836	169
2837	169
2838	169
2839	169
2840	170
2841	170
2842	170
2843	170
2844	171
2845	171
2846	171
2847	171
2848	172
2849	172
2850	172
2851	172
2852	173
2853	173
2854	173
2855	173
2856	174
2857	174
2858	174
2859	174
2860	175
2861	175
2862	175
2863	175
2864	176
2865	176
2866	176
2867	176
2868	177
2869	177
2870	177
2871	177
2872	178
2873	178
2874	178
2875	178
2876	179
2877	179
2878	179
2879	179
2880	180
2881	180
2882	180
2883	180
2884	181
2885	181
2886	181
2887	181
2888	182
2889	182
2890	182
2891	182
2892	183
2893	183
2894	183
2895	183
2896	184
2897	184
2898	184
2899	184
2900	185
2901	185
2902	185
2903	185
2904	186
2905	186
2906	186
2907	186
2908	187
2909	187
2910	187
2911	187
2912	188
2913	188
2914	188
2915	188
2916	189
2917	189
2918	189
2919	189
2920	190
2921	190
2922	190
2923	190
2924	191
2925	191
2926	191
2927	191
2928	192
2929	192
2930	192
2931	192
2932	193
2933	193
2934	193
2935	193
2936	194
2937	194
2938	194
2939	194
2940	195
2941	195
2942	195
2943	195
2944	196
2945	196
2946	196
2947	196
2948	197
2949	197
2950	197
2951	197
2952	198
2953	198
2954	198
2955	198
2956	199
2957	199
2958	199
2959	199
2960	200
2961	200
2962	200
2963	200
2964	201
2965	201
2966	201
2967	201
2968	202
2969	202
2970	202
2971	202
2972	203
2973	203
2974	203
2975	203
2976	204
2977	204
2978	204
2979	204
2980	205
2981	205
2982	205
2983	205
2984	206
2985	206
2986	206
2987	206
2988	207
2989	207
2990	207
2991	207
2992	208
2993	208
2994	208
2995	208
2996	209
2997	209
2998	209
2999	209
3000	210
3001	210
3002	210
3003	210
3004	211
3005	211
3006	211
3007	211
3008	212
3009	212
3010	212
3011	212
3012	213
3013	213
3014	213
3015	213
3016	214
3017	214
3018	214
3019	214
3020	215
3021	215
3022	215
3023	215
3024	180
3025	180
3026	180
3027	180
3028	181
3029	181
3030	181
3031	181
3032	182
3033	182
3034	182
3035	182
3036	183
3037	183
3038	183
3039	183
3040	184
3041	184
3042	184
3043	184
3044	185
3045	185
3046	185
3047	185
3048	186
3049	186
3050	186
3051	186
3052	187
3053	187
3054	187
3055	187
3056	188
3057	188
3058	188
3059	188
3060	189
3061	189
3062	189
3063	189
3064	190
3065	190
3066	190
3067	190
3068	191
3069	191
3070	191
3071	191
3072	192
3073	192
3074	192
3075	192
3076	193
3077	193
3078	193
3079	193
3080	194
3081	194
3082	194
3083	194
3084	195
3085	195
3086	195
3087	195
3088	196
3089	196
3090	196
3091	196
3092	197
3093	197
3094	197
3095	197
3096	198
3097	198
3098	198
3099	198
3100	199
3101	199
3102	199
3103	199
3104	200
3105	200
3106	200
3107	200
3108	201
3109	201
3110	201
3111	201
3112	202
3113	202
3114	202
3115	202
3116	203
3117	203
3118	203
3119	203
3120	204
3121	204
3122	204
3123	204
3124	205
3125	205
3126	205
3127	205
3128	206
3129	206
3130	206
3131	206
3132	207
3133	207
3134	207
3135	207
3136	208
3137	208
3138	208
3139	208
3140	209
3141	209
3142	209
3143	209
3144	210
3145	210
3146	210
3147	210
3148	211
3149	211
3150	211
3151	211
3152	212
3153	212
3154	212
3155	212
3156	213
3157	213
3158	213
3159	213
3160	214
3161	214
3162	214
3163	214
3164	215
3165	215
3166	215
3167	215
3168	180
3169	180
3170	180
3171	180
3172	181
3173	181
3174	181
3175	181
3176	182
3177	182
3178	182
3179	182
3180	183
3181	183
3182	183
3183	183
3184	184
3185	184
3186	184
3187	184
3188	185
3189	185
3190	185
3191	185
3192	186
3193	186
3194	186
3195	186
3196	187
3197	187
3198	187
3199	187
3200	188
3201	188
3202	188
3203	188
3204	189
3205	189
3206	189
3207	189
3208	190
3209	190
3210	190
3211	190
3212	191
3213	191
3214	191
3215	191
3216	192
3217	192
3218	192
3219	192
3220	193
3221	193
3222	193
3223	193
3224	194
3225	194
3226	194
3227	194
3228	195
3229	195
3230	195
3231	195
3232	196
3233	196
3234	196
3235	196
3236	197
3237	197
3238	197
3239	197
3240	198
3241	198
3242	198
3243	198
3244	199
3245	199
3246	199
3247	199
3248	200
3249	200
3250	200
3251	200
3252	201
3253	201
3254	201
3255	201
3256	202
3257	202
3258	202
3259	202
3260	203
3261	203
3262	203
3263	203
3264	204
3265	204
3266	204
3267	204
3268	205
3269	205
3270	205
3271	205
3272	206
3273	206
3274	206
3275	206
3276	207
3277	207
3278	207
3279	207
3280	208
3281	208
3282	208
3283	208
3284	209
3285	209
3286	209
3287	209
3288	210
3289	210
3290	210
3291	210
3292	211
3293	211
3294	211
3295	211
3296	212
3297	212
3298	212
3299	212
3300	213
3301	213
3302	213
3303	213
3304	214
3305	214
3306	214
3307	214
3308	215
3309	215
3310	215
3311	215
3312	180
3313	180
3314	180
3315	180
3316	181
3317	181
3318	181
3319	181
3320	182
3321	182
3322	182
3323	182
3324	183
3325	183
3326	183
3327	183
3328	184
3329	184
3330	184
3331	184
3332	185
3333	185
3334	185
3335	185
3336	186
3337	186
3338	186
3339	186
3340	187
3341	187
3342	187
3343	187
3344	188
3345	188
3346	188
3347	188
3348	189
3349	189
3350	189
3351	189
3352	190
3353	190
3354	190
3355	190
3356	191
3357	191
3358	191
3359	191
3360	192
3361	192
3362	192
3363	192
3364	193
3365	193
3366	193
3367	193
3368	194
3369	194
3370	194
3371	194
3372	195
3373	195
3374	195
3375	195
3376	196
3377	196
3378	196
3379	196
3380	197
3381	197
3382	197
3383	197
3384	198
3385	198
3386	198
3387	198
3388	199
3389	199
3390	199
3391	199
3392	200
3393	200
3394	200
3395	200
3396	201
3397	201
3398	201
3399	201
3400	202
3401	202
3402	202
3403	202
3404	203
3405	203
3406	203
3407	203
3408	204
3409	204
3410	204
3411	204
3412	205
3413	205
3414	205
3415	205
3416	206
3417	206
3418	206
3419	206
3420	207
3421	207
3422	207
3423	207
3424	208
3425	208
3426	208
3427	208
3428	209
3429	209
3430	209
3431	209
3432	210
3433	210
3434	210
3435	210
3436	211
3437	211
3438	211
3439	211
3440	212
3441	212
3442	212
3443	212
3444	213
3445	213
3446	213
3447	213
3448	214
3449	214
3450	214
3451	214
3452	215
3453	215
3454	215
3455	215
3456	216
3457	216
3458	216
3459	216
3460	217
3461	217
3462	217
3463	217
3464	218
3465	218
3466	218
3467	218
3468	219
3469	219
3470	219
3471	219
3472	220
3473	220
3474	220
3475	220
3476	221
3477	221
3478	221
3479	221
3480	222
3481	222
3482	222
3483	222
3484	223
3485	223
3486	223
3487	223
3488	224
3489	224
3490	224
3491	224
3492	225
3493	225
3494	225
3495	225
3496	226
3497	226
3498	226
3499	226
3500	227
3501	227
3502	227
3503	227
3504	228
3505	228
3506	228
3507	228
3508	229
3509	229
3510	229
3511	229
3512	230
3513	230
3514	230
3515	230
3516	231
3517	231
3518	231
3519	231
3520	232
3521	232
3522	232
3523	232
3524	233
3525	233
3526	233
3527	233
3528	234
3529	234
3530	234
3531	234
3532	235
3533	235
3534	235
3535	235
3536	236
3537	236
3538	236
3539	236
3540	237
3541	237
3542	237
3543	237
3544	238
3545	238
3546	238
3547	238
3548	239
3549	239
3550	239
3551	239
3552	240
3553	240
3554	240
3555	240
3556	241
3557	241
3558	241
3559	241
3560	242
3561	242
3562	242
3563	242
3564	243
3565	243
3566	243
3567	243
3568	244
3569	244
3570	244
3571	244
3572	245
3573	245
3574	245
3575	245
3576	246
3577	246
3578	246
3579	246
3580	247
3581	247
3582	247
3583	247
3584	248
3585	248
3586	248
3587	248
3588	249
3589	249
3590	249
3591	249
3592	250
3593	250
3594	250
3595	250
3596	251
3597	251
3598	251
3599	251
3600	216
3601	216
3602	216
3603	216
3604	217
3605	217
3606	217
3607	217
3608	218
3609	218
3610	218
3611	218
3612	219
3613	219
3614	219
3615	219
3616	220
3617	220
3618	220
3619	220
3620	221
3621	221
3622	221
3623	221
3624	222
3625	222
3626	222
3627	222
3628	223
3629	223
3630	223
3631	223
3632	224
3633	224
3634	224
3635	224
3636	225
3637	225
3638	225
3639	225
3640	226
3641	226
3642	226
3643	226
3644	227
3645	227
3646	227
3647	227
3648	228
3649	228
3650	228
3651	228
3652	229
3653	229
3654	229
3655	229
3656	230
3657	230
3658	230
3659	230
3660	231
3661	231
3662	231
3663	231
3664	232
3665	232
3666	232
3667	232
3668	233
3669	233
3670	233
3671	233
3672	234
3673	234
3674	234
3675	234
3676	235
3677	235
3678	235
3679	235
3680	236
3681	236
3682	236
3683	236
3684	237
3685	237
3686	237
3687	237
3688	238
3689	238
3690	238
3691	238
3692	239
3693	239
3694	239
3695	239
3696	240
3697	240
3698	240
3699	240
3700	241
3701	241
3702	241
3703	241
3704	242
3705	242
3706	242
3707	242
3708	243
3709	243
3710	243
3711	243
3712	244
3713	244
3714	244
3715	244
3716	245
3717	245
3718	245
3719	245
3720	246
3721	246
3722	246
3723	246
3724	247
3725	247
3726	247
3727	247
3728	248
3729	248
3730	248
3731	248
3732	249
3733	249
3734	249
3735	249
3736	250
3737	250
3738	250
3739	250
3740	251
3741	251
3742	251
3743	251
3744	216
3745	216
3746	216
3747	216
3748	217
3749	217
3750	217
3751	217
3752	218
3753	218
3754	218
3755	218
3756	219
3757	219
3758	219
3759	219
3760	220
3761	220
3762	220
3763	220
3764	221
3765	221
3766	221
3767	221
3768	222
3769	222
3770	222
3771	222
3772	223
3773	223
3774	223
3775	223
3776	224
3777	224
3778	224
3779	224
3780	225
3781	225
3782	225
3783	225
3784	226
3785	226
3786	226
3787	226
3788	227
3789	227
3790	227
3791	227
3792	228
3793	228
3794	228
3795	228
3796	229
3797	229
3798	229
3799	229
3800	230
3801	230
3802	230
3803	230
3804	231
3805	231
3806	231
3807	231
3808	232
3809	232
3810	232
3811	232
3812	233
3813	233
3814	233
3815	233
3816	234
3817	234
3818	234
3819	234
3820	235
3821	235
3822	235
3823	235
3824	236
3825	236
3826	236
3827	236
3828	237
3829	237
3830	237
3831	237
3832	238
3833	238
3834	238
3835	238
3836	239
3837	239
3838	239
3839	239
3840	240
3841	240
3842	240
3843	240
3844	241
3845	241
3846	241
3847	241
3848	242
3849	242
3850	242
3851	242
3852	243
3853	243
3854	243
3855	243
3856	244
3857	244
3858	244
3859	244
3860	245
3861	245
3862	245
3863	245
3864	246
3865	246
3866	246
3867	246
3868	247
3869	247
3870	247
3871	247
3872	248
3873	248
3874	248
3875	248
3876	249
3877	249
3878	249
3879	249
3880	250
3881	250
3882	250
3883	250
3884	251
3885	251
3886	251
3887	251
3888	216
3889	216
3890	216
3891	216
3892	217
3893	217
3894	217
3895	217
3896	218
3897	218
3898	218
3899	218
3900	219
3901	219
3902	219
3903	219
3904	220
3905	220
3906	220
3907	220
3908	221
3909	221
3910	221
3911	221
3912	222
3913	222
3914	222
3915	222
3916	223
3917	223
3918	223
3919	223
3920	224
3921	224
3922	224
3923	224
3924	225
3925	225
3926	225
3927	225
3928	226
3929	226
3930	226
3931	226
3932	227
3933	227
3934	227
3935	227
3936	228
3937	228
3938	228
3939	228
3940	229
3941	229
3942	229
3943	229
3944	230
3945	230
3946	230
3947	230
3948	231
3949	231
3950	231
3951	231
3952	232
3953	232
3954	232
3955	232
3956	233
3957	233
3958	233
3959	233
3960	234
3961	234
3962	234
3963	234
3964	235
3965	235
3966	235
3967	235
3968	236
3969	236
3970	236
3971	236
3972	237
3973	237
3974	237
3975	237
3976	238
3977	238
3978	238
3979	238
3980	239
3981	239
3982	239
3983	239
3984	240
3985	240
3986	240
3987	240
3988	241
3989	241
3990	241
3991	241
3992	242
3993	242
3994	242
3995	242
3996	243
3997	243
3998	243
3999	243
4000	244
4001	244
4002	244
4003	244
4004	245
4005	245
4006	245
4007	245
4008	246
4009	246
4010	246
4011	246
4012	247
4013	247
4014	247
4015	247
4016	248
4017	248
4018	248
4019	248
4020	249
4021	249
4022	249
4023	249
4024	250
4025	250
4026	250
4027	250
4028	251
4029	251
4030	251
4031	251
4032	252
4033	252
4034	252
4035	252
4036	253
4037	253
4038	253
4039	253
4040	254
4041	254
4042	254
4043	254
4044	255
4045	255
4046	255
4047	255
4048	256
4049	256
4050	256
4051	256
4052	257
4053	257
4054	257
4055	257
4056	258
4057	258
4058	258
4059	258
4060	259
4061	259
4062	259
4063	259
4064	260
4065	260
4066	260
4067	260
4068	261
4069	261
4070	261
4071	261
4072	262
4073	262
4074	262
4075	262
4076	263
4077	263
4078	263
4079	263
4080	264
4081	264
4082	264
4083	264
4084	265
4085	265
4086	265
4087	265
4088	266
4089	266
4090	266
4091	266
4092	267
4093	267
4094	267
4095	267
4096	268
4097	268
4098	268
4099	268
4100	269
4101	269
4102	269
4103	269
4104	270
4105	270
4106	270
4107	270
4108	271
4109	271
4110	271
4111	271
4112	272
4113	272
4114	272
4115	272
4116	273
4117	273
4118	273
4119	273
4120	274
4121	274
4122	274
4123	274
4124	275
4125	275
4126	275
4127	275
4128	276
4129	276
4130	276
4131	276
4132	277
4133	277
4134	277
4135	277
4136	278
4137	278
4138	278
4139	278
4140	279
4141	279
4142	279
4143	279
4144	280
4145	280
4146	280
4147	280
4148	281
4149	281
4150	281
4151	281
4152	282
4153	282
4154	282
4155	282
4156	283
4157	283
4158	283
4159	283
4160	284
4161	284
4162	284
4163	284
4164	285
4165	285
4166	285
4167	285
4168	286
4169	286
4170	286
4171	286
4172	287
4173	287
4174	287
4175	287
4176	252
4177	252
4178	252
4179	252
4180	253
4181	253
4182	253
4183	253
4184	254
4185	254
4186	254
4187	254
4188	255
4189	255
4190	255
4191	255
4192	256
4193	256
4194	256
4195	256
4196	257
4197	257
4198	257
4199	257
4200	258
4201	258
4202	258
4203	258
4204	259
4205	259
4206	259
4207	259
4208	260
4209	260
4210	260
4211	260
4212	261
4213	261
4214	261
4215	261
4216	262
4217	262
4218	262
4219	262
4220	263
4221	263
4222	263
4223	263
4224	264
4225	264
4226	264
4227	264
4228	265
4229	265
4230	265
4231	265
4232	266
4233	266
4234	266
4235	266
4236	267
4237	267
4238	267
4239	267
4240	268
4241	268
4242	268
4243	268
4244	269
4245	269
4246	269
4247	269
4248	270
4249	270
4250	270
4251	270
4252	271
4253	271
4254	271
4255	271
4256	272
4257	272
4258	272
4259	272
4260	273
4261	273
4262	273
4263	273
4264	274
4265	274
4266	274
4267	274
4268	275
4269	275
4270	275
4271	275
4272	276
4273	276
4274	276
4275	276
4276	277
4277	277
4278	277
4279	277
4280	278
4281	278
4282	278
4283	278
4284	279
4285	279
4286	279
4287	279
4288	280
4289	280
4290	280
4291	280
4292	281
4293	281
4294	281
4295	281
4296	282
4297	282
4298	282
4299	282
4300	283
4301	283
4302	283
4303	283
4304	284
4305	284
4306	284
4307	284
4308	285
4309	285
4310	285
4311	285
4312	286
4313	286
4314	286
4315	286
4316	287
4317	287
4318	287
4319	287
4320	252
4321	252
4322	252
4323	252
4324	253
4325	253
4326	253
4327	253
4328	254
4329	254
4330	254
4331	254
4332	255
4333	255
4334	255
4335	255
4336	256
4337	256
4338	256
4339	256
4340	257
4341	257
4342	257
4343	257
4344	258
4345	258
4346	258
4347	258
4348	259
4349	259
4350	259
4351	259
4352	260
4353	260
4354	260
4355	260
4356	261
4357	261
4358	261
4359	261
4360	262
4361	262
4362	262
4363	262
4364	263
4365	263
4366	263
4367	263
4368	264
4369	264
4370	264
4371	264
4372	265
4373	265
4374	265
4375	265
4376	266
4377	266
4378	266
4379	266
4380	267
4381	267
4382	267
4383	267
4384	268
4385	268
4386	268
4387	268
4388	269
4389	269
4390	269
4391	269
4392	270
4393	270
4394	270
4395	270
4396	271
4397	271
4398	271
4399	271
4400	272
4401	272
4402	272
4403	272
4404	273
4405	273
4406	273
4407	273
4408	274
4409	274
4410	274
4411	274
4412	275
4413	275
4414	275
4415	275
4416	276
4417	276
4418	276
4419	276
4420	277
4421	277
4422	277
4423	277
4424	278
4425	278
4426	278
4427	278
4428	279
4429	279
4430	279
4431	279
4432	280
4433	280
4434	280
4435	280
4436	281
4437	281
4438	281
4439	281
4440	282
4441	282
4442	282
4443	282
4444	283
4445	283
4446	283
4447	283
4448	284
4449	284
4450	284
4451	284
4452	285
4453	285
4454	285
4455	285
4456	286
4457	286
4458	286
4459	286
4460	287
4461	287
4462	287
4463	287
4464	252
4465	252
4466	252
4467	252
4468	253
4469	253
4470	253
4471	253
4472	254
4473	254
4474	254
4475	254
4476	255
4477	255
4478	255
4479	255
4480	256
4481	256
4482	256
4483	256
4484	257
4485	257
4486	257
4487	257
4488	258
4489	258
4490	258
4491	258
4492	259
4493	259
4494	259
4495	259
4496	260
4497	260
4498	260
4499	260
4500	261
4501	261
4502	261
4503	261
4504	262
4505	262
4506	262
4507	262
4508	263
4509	263
4510	263
4511	263
4512	264
4513	264
4514	264
4515	264
4516	265
4517	265
4518	265
4519	265
4520	266
4521	266
4522	266
4523	266
4524	267
4525	267
4526	267
4527	267
4528	268
4529	268
4530	268
4531	268
4532	269
4533	269
4534	269
4535	269
4536	270
4537	270
4538	270
4539	270
4540	271
4541	271
4542	271
4543	271
4544	272
4545	272
4546	272
4547	272
4548	273
4549	273
4550	273
4551	273
4552	274
4553	274
4554	274
4555	274
4556	275
4557	275
4558	275
4559	275
4560	276
4561	276
4562	276
4563	276
4564	277
4565	277
4566	277
4567	277
4568	278
4569	278
4570	278
4571	278
4572	279
4573	279
4574	279
4575	279
4576	280
4577	280
4578	280
4579	280
4580	281
4581	281
4582	281
4583	281
4584	282
4585	282
4586	282
4587	282
4588	283
4589	283
4590	283
4591	283
4592	284
4593	284
4594	284
4595	284
4596	285
4597	285
4598	285
4599	285
4600	286
4601	286
4602	286
4603	286
4604	287
4605	287
4606	287
4607	287
4608	288
4609	288
4610	288
4611	288
4612	289
4613	289
4614	289
4615	289
4616	290
4617	290
4618	290
4619	290
4620	291
4621	291
4622	291
4623	291
4624	292
4625	292
4626	292
4627	292
4628	293
4629	293
4630	293
4631	293
4632	294
4633	294
4634	294
4635	294
4636	295
4637	295
4638	295
4639	295
4640	296
4641	296
4642	296
4643	296
4644	297
4645	297
4646	297
4647	297
4648	298
4649	298
4650	298
4651	298
4652	299
4653	299
4654	299
4655	299
4656	300
4657	300
4658	300
4659	300
4660	301
4661	301
4662	301
4663	301
4664	302
4665	302
4666	302
4667	302
4668	303
4669	303
4670	303
4671	303
4672	304
4673	304
4674	304
4675	304
4676	305
4677	305
4678	305
4679	305
4680	306
4681	306
4682	306
4683	306
4684	307
4685	307
4686	307
4687	307
4688	308
4689	308
4690	308
4691	308
4692	309
4693	309
4694	309
4695	309
4696	310
4697	310
4698	310
4699	310
4700	311
4701	311
4702	311
4703	311
4704	312
4705	312
4706	312
4707	312
4708	313
4709	313
4710	313
4711	313
4712	314
4713	314
4714	314
4715	314
4716	315
4717	315
4718	315
4719	315
4720	316
4721	316
4722	316
4723	316
4724	317
4725	317
4726	317
4727	317
4728	318
4729	318
4730	318
4731	318
4732	319
4733	319
4734	319
4735	319
4736	320
4737	320
4738	320
4739	320
4740	321
4741	321
4742	321
4743	321
4744	322
4745	322
4746	322
4747	322
4748	323
4749	323
4750	323
4751	323
4752	288
4753	288
4754	288
4755	288
4756	289
4757	289
4758	289
4759	289
4760	290
4761	290
4762	290
4763	290
4764	291
4765	291
4766	291
4767	291
4768	292
4769	292
4770	292
4771	292
4772	293
4773	293
4774	293
4775	293
4776	294
4777	294
4778	294
4779	294
4780	295
4781	295
4782	295
4783	295
4784	296
4785	296
4786	296
4787	296
4788	297
4789	297
4790	297
4791	297
4792	298
4793	298
4794	298
4795	298
4796	299
4797	299
4798	299
4799	299
4800	300
4801	300
4802	300
4803	300
4804	301
4805	301
4806	301
4807	301
4808	302
4809	302
4810	302
4811	302
4812	303
4813	303
4814	303
4815	303
4816	304
4817	304
4818	304
4819	304
4820	305
4821	305
4822	305
4823	305
4824	306
4825	306
4826	306
4827	306
4828	307
4829	307
4830	307
4831	307
4832	308
4833	308
4834	308
4835	308
4836	309
4837	309
4838	309
4839	309
4840	310
4841	310
4842	310
4843	310
4844	311
4845	311
4846	311
4847	311
4848	312
4849	312
4850	312
4851	312
4852	313
4853	313
4854	313
4855	313
4856	314
4857	314
4858	314
4859	314
4860	315
4861	315
4862	315
4863	315
4864	316
4865	316
4866	316
4867	316
4868	317
4869	317
4870	317
4871	317
4872	318
4873	318
4874	318
4875	318
4876	319
4877	319
4878	319
4879	319
4880	320
4881	320
4882	320
4883	320
4884	321
4885	321
4886	321
4887	321
4888	322
4889	322
4890	322
4891	322
4892	323
4893	323
4894	323
4895	323
4896	288
4897	288
4898	288
4899	288
4900	289
4901	289
4902	289
4903	289
4904	290
4905	290
4906	290
4907	290
4908	291
4909	291
4910	291
4911	291
4912	292
4913	292
4914	292
4915	292
4916	293
4917	293
4918	293
4919	293
4920	294
4921	294
4922	294
4923	294
4924	295
4925	295
4926	295
4927	295
4928	296
4929	296
4930	296
4931	296
4932	297
4933	297
4934	297
4935	297
4936	298
4937	298
4938	298
4939	298
4940	299
4941	299
4942	299
4943	299
4944	300
4945	300
4946	300
4947	300
4948	301
4949	301
4950	301
4951	301
4952	302
4953	302
4954	302
4955	302
4956	303
4957	303
4958	303
4959	303
4960	304
4961	304
4962	304
4963	304
4964	305
4965	305
4966	305
4967	305
4968	306
4969	306
4970	306
4971	306
4972	307
4973	307
4974	307
4975	307
4976	308
4977	308
4978	308
4979	308
4980	309
4981	309
4982	309
4983	309
4984	310
4985	310
4986	310
4987	310
4988	311
4989	311
4990	311
4991	311
4992	312
4993	312
4994	312
4995	312
4996	313
4997	313
4998	313
4999	313
5000	314
5001	314
5002	314
5003	314
5004	315
5005	315
5006	315
5007	315
5008	316
5009	316
5010	316
5011	316
5012	317
5013	317
5014	317
5015	317
5016	318
5017	318
5018	318
5019	318
5020	319
5021	319
5022	319
5023	319
5024	320
5025	320
5026	320
5027	320
5028	321
5029	321
5030	321
5031	321
5032	322
5033	322
5034	322
5035	322
5036	323
5037	323
5038	323
5039	323
5040	288
5041	288
5042	288
5043	288
5044	289
5045	289
5046	289
5047	289
5048	290
5049	290
5050	290
5051	290
5052	291
5053	291
5054	291
5055	291
5056	292
5057	292
5058	292
5059	292
5060	293
5061	293
5062	293
5063	293
5064	294
5065	294
5066	294
5067	294
5068	295
5069	295
5070	295
5071	295
5072	296
5073	296
5074	296
5075	296
5076	297
5077	297
5078	297
5079	297
5080	298
5081	298
5082	298
5083	298
5084	299
5085	299
5086	299
5087	299
5088	300
5089	300
5090	300
5091	300
5092	301
5093	301
5094	301
5095	301
5096	302
5097	302
5098	302
5099	302
5100	303
5101	303
5102	303
5103	303
5104	304
5105	304
5106	304
5107	304
5108	305
5109	305
5110	305
5111	305
5112	306
5113	306
5114	306
5115	306
5116	307
5117	307
5118	307
5119	307
5120	308
5121	308
5122	308
5123	308
5124	309
5125	309
5126	309
5127	309
5128	310
5129	310
5130	310
5131	310
5132	311
5133	311
5134	311
5135	311
5136	312
5137	312
5138	312
5139	312
5140	313
5141	313
5142	313
5143	313
5144	314
5145	314
5146	314
5147	314
5148	315
5149	315
5150	315
5151	315
5152	316
5153	316
5154	316
5155	316
5156	317
5157	317
5158	317
5159	317
5160	318
5161	318
5162	318
5163	318
5164	319
5165	319
5166	319
5167	319
5168	320
5169	320
5170	320
5171	320
5172	321
5173	321
5174	321
5175	321
5176	322
5177	322
5178	322
5179	322
5180	323
5181	323
5182	323
5183	323
5184	324
5185	324
5186	324
5187	324
5188	325
5189	325
5190	325
5191	325
5192	326
5193	326
5194	326
5195	326
5196	327
5197	327
5198	327
5199	327
5200	328
5201	328
5202	328
5203	328
5204	329
5205	329
5206	329
5207	329
5208	330
5209	330
5210	330
5211	330
5212	331
5213	331
5214	331
5215	331
5216	332
5217	332
5218	332
5219	332
5220	333
5221	333
5222	333
5223	333
5224	334
5225	334
5226	334
5227	334
5228	335
5229	335
5230	335
5231	335
5232	336
5233	336
5234	336
5235	336
5236	337
5237	337
5238	337
5239	337
5240	338
5241	338
5242	338
5243	338
5244	339
5245	339
5246	339
5247	339
5248	340
5249	340
5250	340
5251	340
5252	341
5253	341
5254	341
5255	341
5256	342
5257	342
5258	342
5259	342
5260	343
5261	343
5262	343
5263	343
5264	344
5265	344
5266	344
5267	344
5268	345
5269	345
5270	345
5271	345
5272	346
5273	346
5274	346
5275	346
5276	347
5277	347
5278	347
5279	347
5280	348
5281	348
5282	348
5283	348
5284	349
5285	349
5286	349
5287	349
5288	350
5289	350
5290	350
5291	350
5292	351
5293	351
5294	351
5295	351
5296	352
5297	352
5298	352
5299	352
5300	353
5301	353
5302	353
5303	353
5304	354
5305	354
5306	354
5307	354
5308	355
5309	355
5310	355
5311	355
5312	356
5313	356
5314	356
5315	356
5316	357
5317	357
5318	357
5319	357
5320	358
5321	358
5322	358
5323	358
5324	359
5325	359
5326	359
5327	359
5328	324
5329	324
5330	324
5331	324
5332	325
5333	325
5334	325
5335	325
5336	326
5337	326
5338	326
5339	326
5340	327
5341	327
5342	327
5343	327
5344	328
5345	328
5346	328
5347	328
5348	329
5349	329
5350	329
5351	329
5352	330
5353	330
5354	330
5355	330
5356	331
5357	331
5358	331
5359	331
5360	332
5361	332
5362	332
5363	332
5364	333
5365	333
5366	333
5367	333
5368	334
5369	334
5370	334
5371	334
5372	335
5373	335
5374	335
5375	335
5376	336
5377	336
5378	336
5379	336
5380	337
5381	337
5382	337
5383	337
5384	338
5385	338
5386	338
5387	338
5388	339
5389	339
5390	339
5391	339
5392	340
5393	340
5394	340
5395	340
5396	341
5397	341
5398	341
5399	341
5400	342
5401	342
5402	342
5403	342
5404	343
5405	343
5406	343
5407	343
5408	344
5409	344
5410	344
5411	344
5412	345
5413	345
5414	345
5415	345
5416	346
5417	346
5418	346
5419	346
5420	347
5421	347
5422	347
5423	347
5424	348
5425	348
5426	348
5427	348
5428	349
5429	349
5430	349
5431	349
5432	350
5433	350
5434	350
5435	350
5436	351
5437	351
5438	351
5439	351
5440	352
5441	352
5442	352
5443	352
5444	353
5445	353
5446	353
5447	353
5448	354
5449	354
5450	354
5451	354
5452	355
5453	355
5454	355
5455	355
5456	356
5457	356
5458	356
5459	356
5460	357
5461	357
5462	357
5463	357
5464	358
5465	358
5466	358
5467	358
5468	359
5469	359
5470	359
5471	359
5472	324
5473	324
5474	324
5475	324
5476	325
5477	325
5478	325
5479	325
5480	326
5481	326
5482	326
5483	326
5484	327
5485	327
5486	327
5487	327
5488	328
5489	328
5490	328
5491	328
5492	329
5493	329
5494	329
5495	329
5496	330
5497	330
5498	330
5499	330
5500	331
5501	331
5502	331
5503	331
5504	332
5505	332
5506	332
5507	332
5508	333
5509	333
5510	333
5511	333
5512	334
5513	334
5514	334
5515	334
5516	335
5517	335
5518	335
5519	335
5520	336
5521	336
5522	336
5523	336
5524	337
5525	337
5526	337
5527	337
5528	338
5529	338
5530	338
5531	338
5532	339
5533	339
5534	339
5535	339
5536	340
5537	340
5538	340
5539	340
5540	341
5541	341
5542	341
5543	341
5544	342
5545	342
5546	342
5547	342
5548	343
5549	343
5550	343
5551	343
5552	344
5553	344
5554	344
5555	344
5556	345
5557	345
5558	345
5559	345
5560	346
5561	346
5562	346
5563	346
5564	347
5565	347
5566	347
5567	347
5568	348
5569	348
5570	348
5571	348
5572	349
5573	349
5574	349
5575	349
5576	350
5577	350
5578	350
5579	350
5580	351
5581	351
5582	351
5583	351
5584	352
5585	352
5586	352
5587	352
5588	353
5589	353
5590	353
5591	353
5592	354
5593	354
5594	354
5595	354
5596	355
5597	355
5598	355
5599	355
5600	356
5601	356
5602	356
5603	356
5604	357
5605	357
5606	357
5607	357
5608	358
5609	358
5610	358
5611	358
5612	359
5613	359
5614	359
5615	359
5616	324
5617	324
5618	324
5619	324
5620	325
5621	325
5622	325
5623	325
5624	326
5625	326
5626	326
5627	326
5628	327
5629	327
5630	327
5631	327
5632	328
5633	328
5634	328
5635	328
5636	329
5637	329
5638	329
5639	329
5640	330
5641	330
5642	330
5643	330
5644	331
5645	331
5646	331
5647	331
5648	332
5649	332
5650	332
5651	332
5652	333
5653	333
5654	333
5655	333
5656	334
5657	334
5658	334
5659	334
5660	335
5661	335
5662	335
5663	335
5664	336
5665	336
5666	336
5667	336
5668	337
5669	337
5670	337
5671	337
5672	338
5673	338
5674	338
5675	338
5676	339
5677	339
5678	339
5679	339
5680	340
5681	340
5682	340
5683	340
5684	341
5685	341
5686	341
5687	341
5688	342
5689	342
5690	342
5691	342
5692	343
5693	343
5694	343
5695	343
5696	344
5697	344
5698	344
5699	344
5700	345
5701	345
5702	345
5703	345
5704	346
5705	346
5706	346
5707	346
5708	347
5709	347
5710	347
5711	347
5712	348
5713	348
5714	348
5715	348
5716	349
5717	349
5718	349
5719	349
5720	350
5721	350
5722	350
5723	350
5724	351
5725	351
5726	351
5727	351
5728	352
5729	352
5730	352
5731	352
5732	353
5733	353
5734	353
5735	353
5736	354
5737	354
5738	354
5739	354
5740	355
5741	355
5742	355
5743	355
5744	356
5745	356
5746	356
5747	356
5748	357
5749	357
5750	357
5751	357
5752	358
5753	358
5754	358
5755	358
5756	359
5757	359
5758	359
5759	359
5760	360
5761	360
5762	360
5763	360
5764	361
5765	361
5766	361
5767	361
5768	362
5769	362
5770	362
5771	362
5772	363
5773	363
5774	363
5775	363
5776	364
5777	364
5778	364
5779	364
5780	365
5781	365
5782	365
5783	365
5784	366
5785	366
5786	366
5787	366
5788	367
5789	367
5790	367
5791	367
5792	368
5793	368
5794	368
5795	368
5796	369
5797	369
5798	369
5799	369
5800	370
5801	370
5802	370
5803	370
5804	371
5805	371
5806	371
5807	371
5808	372
5809	372
5810	372
5811	372
5812	373
5813	373
5814	373
5815	373
5816	374
5817	374
5818	374
5819	374
5820	375
5821	375
5822	375
5823	375
5824	376
5825	376
5826	376
5827	376
5828	377
5829	377
5830	377
5831	377
5832	378
5833	378
5834	378
5835	378
5836	379
5837	379
5838	379
5839	379
5840	380
5841	380
5842	380
5843	380
5844	381
5845	381
5846	381
5847	381
5848	382
5849	382
5850	382
5851	382
5852	383
5853	383
5854	383
5855	383
5856	384
5857	384
5858	384
5859	384
5860	385
5861	385
5862	385
5863	385
5864	386
5865	386
5866	386
5867	386
5868	387
5869	387
5870	387
5871	387
5872	388
5873	388
5874	388
5875	388
5876	389
5877	389
5878	389
5879	389
5880	390
5881	390
5882	390
5883	390
5884	391
5885	391
5886	391
5887	391
5888	392
5889	392
5890	392
5891	392
5892	393
5893	393
5894	393
5895	393
5896	394
5897	394
5898	394
5899	394
5900	395
5901	395
5902	395
5903	395
5904	360
5905	360
5906	360
5907	360
5908	361
5909	361
5910	361
5911	361
5912	362
5913	362
5914	362
5915	362
5916	363
5917	363
5918	363
5919	363
5920	364
5921	364
5922	364
5923	364
5924	365
5925	365
5926	365
5927	365
5928	366
5929	366
5930	366
5931	366
5932	367
5933	367
5934	367
5935	367
5936	368
5937	368
5938	368
5939	368
5940	369
5941	369
5942	369
5943	369
5944	370
5945	370
5946	370
5947	370
5948	371
5949	371
5950	371
5951	371
5952	372
5953	372
5954	372
5955	372
5956	373
5957	373
5958	373
5959	373
5960	374
5961	374
5962	374
5963	374
5964	375
5965	375
5966	375
5967	375
5968	376
5969	376
5970	376
5971	376
5972	377
5973	377
5974	377
5975	377
5976	378
5977	378
5978	378
5979	378
5980	379
5981	379
5982	379
5983	379
5984	380
5985	380
5986	380
5987	380
5988	381
5989	381
5990	381
5991	381
5992	382
5993	382
5994	382
5995	382
5996	383
5997	383
5998	383
5999	383
6000	384
6001	384
6002	384
6003	384
6004	385
6005	385
6006	385
6007	385
6008	386
6009	386
6010	386
6011	386
6012	387
6013	387
6014	387
6015	387
6016	388
6017	388
6018	388
6019	388
6020	389
6021	389
6022	389
6023	389
6024	390
6025	390
6026	390
6027	390
6028	391
6029	391
6030	391
6031	391
6032	392
6033	392
6034	392
6035	392
6036	393
6037	393
6038	393
6039	393
6040	394
6041	394
6042	394
6043	394
6044	395
6045	395
6046	395
6047	395
6048	360
6049	360
6050	360
6051	360
6052	361
6053	361
6054	361
6055	361
6056	362
6057	362
6058	362
6059	362
6060	363
6061	363
6062	363
6063	363
6064	364
6065	364
6066	364
6067	364
6068	365
6069	365
6070	365
6071	365
6072	366
6073	366
6074	366
6075	366
6076	367
6077	367
6078	367
6079	367
6080	368
6081	368
6082	368
6083	368
6084	369
6085	369
6086	369
6087	369
6088	370
6089	370
6090	370
6091	370
6092	371
6093	371
6094	371
6095	371
6096	372
6097	372
6098	372
6099	372
6100	373
6101	373
6102	373
6103	373
6104	374
6105	374
6106	374
6107	374
6108	375
6109	375
6110	375
6111	375
6112	376
6113	376
6114	376
6115	376
6116	377
6117	377
6118	377
6119	377
6120	378
6121	378
6122	378
6123	378
6124	379
6125	379
6126	379
6127	379
6128	380
6129	380
6130	380
6131	380
6132	381
6133	381
6134	381
6135	381
6136	382
6137	382
6138	382
6139	382
6140	383
6141	383
6142	383
6143	383
6144	384
6145	384
6146	384
6147	384
6148	385
6149	385
6150	385
6151	385
6152	386
6153	386
6154	386
6155	386
6156	387
6157	387
6158	387
6159	387
6160	388
6161	388
6162	388
6163	388
6164	389
6165	389
6166	389
6167	389
6168	390
6169	390
6170	390
6171	390
6172	391
6173	391
6174	391
6175	391
6176	392
6177	392
6178	392
6179	392
6180	393
6181	393
6182	393
6183	393
6184	394
6185	394
6186	394
6187	394
6188	395
6189	395
6190	395
6191	395
6192	360
6193	360
6194	360
6195	360
6196	361
6197	361
6198	361
6199	361
6200	362
6201	362
6202	362
6203	362
6204	363
6205	363
6206	363
6207	363
6208	364
6209	364
6210	364
6211	364
6212	365
6213	365
6214	365
6215	365
6216	366
6217	366
6218	366
6219	366
6220	367
6221	367
6222	367
6223	367
6224	368
6225	368
6226	368
6227	368
6228	369
6229	369
6230	369
6231	369
6232	370
6233	370
6234	370
6235	370
6236	371
6237	371
6238	371
6239	371
6240	372
6241	372
6242	372
6243	372
6244	373
6245	373
6246	373
6247	373
6248	374
6249	374
6250	374
6251	374
6252	375
6253	375
6254	375
6255	375
6256	376
6257	376
6258	376
6259	376
6260	377
6261	377
6262	377
6263	377
6264	378
6265	378
6266	378
6267	378
6268	379
6269	379
6270	379
6271	379
6272	380
6273	380
6274	380
6275	380
6276	381
6277	381
6278	381
6279	381
6280	382
6281	382
6282	382
6283	382
6284	383
6285	383
6286	383
6287	383
6288	384
6289	384
6290	384
6291	384
6292	385
6293	385
6294	385
6295	385
6296	386
6297	386
6298	386
6299	386
6300	387
6301	387
6302	387
6303	387
6304	388
6305	388
6306	388
6307	388
6308	389
6309	389
6310	389
6311	389
6312	390
6313	390
6314	390
6315	390
6316	391
6317	391
6318	391
6319	391
6320	392
6321	392
6322	392
6323	392
6324	393
6325	393
6326	393
6327	393
6328	394
6329	394
6330	394
6331	394
6332	395
6333	395
6334	395
6335	395
6336	396
6337	396
6338	396
6339	396
6340	397
6341	397
6342	397
6343	397
6344	398
6345	398
6346	398
6347	398
6348	399
6349	399
6350	399
6351	399
6352	400
6353	400
6354	400
6355	400
6356	401
6357	401
6358	401
6359	401
6360	402
6361	402
6362	402
6363	402
6364	403
6365	403
6366	403
6367	403
6368	404
6369	404
6370	404
6371	404
6372	405
6373	405
6374	405
6375	405
6376	406
6377	406
6378	406
6379	406
6380	407
6381	407
6382	407
6383	407
6384	408
6385	408
6386	408
6387	408
6388	409
6389	409
6390	409
6391	409
6392	410
6393	410
6394	410
6395	410
6396	411
6397	411
6398	411
6399	411
6400	412
6401	412
6402	412
6403	412
6404	413
6405	413
6406	413
6407	413
6408	414
6409	414
6410	414
6411	414
6412	415
6413	415
6414	415
6415	415
6416	416
6417	416
6418	416
6419	416
6420	417
6421	417
6422	417
6423	417
6424	418
6425	418
6426	418
6427	418
6428	419
6429	419
6430	419
6431	419
6432	420
6433	420
6434	420
6435	420
6436	421
6437	421
6438	421
6439	421
6440	422
6441	422
6442	422
6443	422
6444	423
6445	423
6446	423
6447	423
6448	424
6449	424
6450	424
6451	424
6452	425
6453	425
6454	425
6455	425
6456	426
6457	426
6458	426
6459	426
6460	427
6461	427
6462	427
6463	427
6464	428
6465	428
6466	428
6467	428
6468	429
6469	429
6470	429
6471	429
6472	430
6473	430
6474	430
6475	430
6476	431
6477	431
6478	431
6479	431
6480	396
6481	396
6482	396
6483	396
6484	397
6485	397
6486	397
6487	397
6488	398
6489	398
6490	398
6491	398
6492	399
6493	399
6494	399
6495	399
6496	400
6497	400
6498	400
6499	400
6500	401
6501	401
6502	401
6503	401
6504	402
6505	402
6506	402
6507	402
6508	403
6509	403
6510	403
6511	403
6512	404
6513	404
6514	404
6515	404
6516	405
6517	405
6518	405
6519	405
6520	406
6521	406
6522	406
6523	406
6524	407
6525	407
6526	407
6527	407
6528	408
6529	408
6530	408
6531	408
6532	409
6533	409
6534	409
6535	409
6536	410
6537	410
6538	410
6539	410
6540	411
6541	411
6542	411
6543	411
6544	412
6545	412
6546	412
6547	412
6548	413
6549	413
6550	413
6551	413
6552	414
6553	414
6554	414
6555	414
6556	415
6557	415
6558	415
6559	415
6560	416
6561	416
6562	416
6563	416
6564	417
6565	417
6566	417
6567	417
6568	418
6569	418
6570	418
6571	418
6572	419
6573	419
6574	419
6575	419
6576	420
6577	420
6578	420
6579	420
6580	421
6581	421
6582	421
6583	421
6584	422
6585	422
6586	422
6587	422
6588	423
6589	423
6590	423
6591	423
6592	424
6593	424
6594	424
6595	424
6596	425
6597	425
6598	425
6599	425
6600	426
6601	426
6602	426
6603	426
6604	427
6605	427
6606	427
6607	427
6608	428
6609	428
6610	428
6611	428
6612	429
6613	429
6614	429
6615	429
6616	430
6617	430
6618	430
6619	430
6620	431
6621	431
6622	431
6623	431
6624	396
6625	396
6626	396
6627	396
6628	397
6629	397
6630	397
6631	397
6632	398
6633	398
6634	398
6635	398
6636	399
6637	399
6638	399
6639	399
6640	400
6641	400
6642	400
6643	400
6644	401
6645	401
6646	401
6647	401
6648	402
6649	402
6650	402
6651	402
6652	403
6653	403
6654	403
6655	403
6656	404
6657	404
6658	404
6659	404
6660	405
6661	405
6662	405
6663	405
6664	406
6665	406
6666	406
6667	406
6668	407
6669	407
6670	407
6671	407
6672	408
6673	408
6674	408
6675	408
6676	409
6677	409
6678	409
6679	409
6680	410
6681	410
6682	410
6683	410
6684	411
6685	411
6686	411
6687	411
6688	412
6689	412
6690	412
6691	412
6692	413
6693	413
6694	413
6695	413
6696	414
6697	414
6698	414
6699	414
6700	415
6701	415
6702	415
6703	415
6704	416
6705	416
6706	416
6707	416
6708	417
6709	417
6710	417
6711	417
6712	418
6713	418
6714	418
6715	418
6716	419
6717	419
6718	419
6719	419
6720	420
6721	420
6722	420
6723	420
6724	421
6725	421
6726	421
6727	421
6728	422
6729	422
6730	422
6731	422
6732	423
6733	423
6734	423
6735	423
6736	424
6737	424
6738	424
6739	424
6740	425
6741	425
6742	425
6743	425
6744	426
6745	426
6746	426
6747	426
6748	427
6749	427
6750	427
6751	427
6752	428
6753	428
6754	428
6755	428
6756	429
6757	429
6758	429
6759	429
6760	430
6761	430
6762	430
6763	430
6764	431
6765	431
6766	431
6767	431
6768	396
6769	396
6770	396
6771	396
6772	397
6773	397
6774	397
6775	397
6776	398
6777	398
6778	398
6779	398
6780	399
6781	399
6782	399
6783	399
6784	400
6785	400
6786	400
6787	400
6788	401
6789	401
6790	401
6791	401
6792	402
6793	402
6794	402
6795	402
6796	403
6797	403
6798	403
6799	403
6800	404
6801	404
6802	404
6803	404
6804	405
6805	405
6806	405
6807	405
6808	406
6809	406
6810	406
6811	406
6812	407
6813	407
6814	407
6815	407
6816	408
6817	408
6818	408
6819	408
6820	409
6821	409
6822	409
6823	409
6824	410
6825	410
6826	410
6827	410
6828	411
6829	411
6830	411
6831	411
6832	412
6833	412
6834	412
6835	412
6836	413
6837	413
6838	413
6839	413
6840	414
6841	414
6842	414
6843	414
6844	415
6845	415
6846	415
6847	415
6848	416
6849	416
6850	416
6851	416
6852	417
6853	417
6854	417
6855	417
6856	418
6857	418
6858	418
6859	418
6860	419
6861	419
6862	419
6863	419
6864	420
6865	420
6866	420
6867	420
6868	421
6869	421
6870	421
6871	421
6872	422
6873	422
6874	422
6875	422
6876	423
6877	423
6878	423
6879	423
6880	424
6881	424
6882	424
6883	424
6884	425
6885	425
6886	425
6887	425
6888	426
6889	426
6890	426
6891	426
6892	427
6893	427
6894	427
6895	427
6896	428
6897	428
6898	428
6899	428
6900	429
6901	429
6902	429
6903	429
6904	430
6905	430
6906	430
6907	430
6908	431
6909	431
6910	431
6911	431
6912	432
6913	432
6914	432
6915	432
6916	433
6917	433
6918	433
6919	433
6920	434
6921	434
6922	434
6923	434
6924	435
6925	435
6926	435
6927	435
6928	436
6929	436
6930	436
6931	436
6932	437
6933	437
6934	437
6935	437
6936	438
6937	438
6938	438
6939	438
6940	439
6941	439
6942	439
6943	439
6944	440
6945	440
6946	440
6947	440
6948	441
6949	441
6950	441
6951	441
6952	442
6953	442
6954	442
6955	442
6956	443
6957	443
6958	443
6959	443
6960	444
6961	444
6962	444
6963	444
6964	445
6965	445
6966	445
6967	445
6968	446
6969	446
6970	446
6971	446
6972	447
6973	447
6974	447
6975	447
6976	448
6977	448
6978	448
6979	448
6980	449
6981	449
6982	449
6983	449
6984	450
6985	450
6986	450
6987	450
6988	451
6989	451
6990	451
6991	451
6992	452
6993	452
6994	452
6995	452
6996	453
6997	453
6998	453
6999	453
7000	454
7001	454
7002	454
7003	454
7004	455
7005	455
7006	455
7007	455
7008	456
7009	456
7010	456
7011	456
7012	457
7013	457
7014	457
7015	457
7016	458
7017	458
7018	458
7019	458
7020	459
7021	459
7022	459
7023	459
7024	460
7025	460
7026	460
7027	460
7028	461
7029	461
7030	461
7031	461
7032	462
7033	462
7034	462
7035	462
7036	463
7037	463
7038	463
7039	463
7040	464
7041	464
7042	464
7043	464
7044	465
7045	465
7046	465
7047	465
7048	466
7049	466
7050	466
7051	466
7052	467
7053	467
7054	467
7055	467
7056	432
7057	432
7058	432
7059	432
7060	433
7061	433
7062	433
7063	433
7064	434
7065	434
7066	434
7067	434
7068	435
7069	435
7070	435
7071	435
7072	436
7073	436
7074	436
7075	436
7076	437
7077	437
7078	437
7079	437
7080	438
7081	438
7082	438
7083	438
7084	439
7085	439
7086	439
7087	439
7088	440
7089	440
7090	440
7091	440
7092	441
7093	441
7094	441
7095	441
7096	442
7097	442
7098	442
7099	442
7100	443
7101	443
7102	443
7103	443
7104	444
7105	444
7106	444
7107	444
7108	445
7109	445
7110	445
7111	445
7112	446
7113	446
7114	446
7115	446
7116	447
7117	447
7118	447
7119	447
7120	448
7121	448
7122	448
7123	448
7124	449
7125	449
7126	449
7127	449
7128	450
7129	450
7130	450
7131	450
7132	451
7133	451
7134	451
7135	451
7136	452
7137	452
7138	452
7139	452
7140	453
7141	453
7142	453
7143	453
7144	454
7145	454
7146	454
7147	454
7148	455
7149	455
7150	455
7151	455
7152	456
7153	456
7154	456
7155	456
7156	457
7157	457
7158	457
7159	457
7160	458
7161	458
7162	458
7163	458
7164	459
7165	459
7166	459
7167	459
7168	460
7169	460
7170	460
7171	460
7172	461
7173	461
7174	461
7175	461
7176	462
7177	462
7178	462
7179	462
7180	463
7181	463
7182	463
7183	463
7184	464
7185	464
7186	464
7187	464
7188	465
7189	465
7190	465
7191	465
7192	466
7193	466
7194	466
7195	466
7196	467
7197	467
7198	467
7199	467
7200	432
7201	432
7202	432
7203	432
7204	433
7205	433
7206	433
7207	433
7208	434
7209	434
7210	434
7211	434
7212	435
7213	435
7214	435
7215	435
7216	436
7217	436
7218	436
7219	436
7220	437
7221	437
7222	437
7223	437
7224	438
7225	438
7226	438
7227	438
7228	439
7229	439
7230	439
7231	439
7232	440
7233	440
7234	440
7235	440
7236	441
7237	441
7238	441
7239	441
7240	442
7241	442
7242	442
7243	442
7244	443
7245	443
7246	443
7247	443
7248	444
7249	444
7250	444
7251	444
7252	445
7253	445
7254	445
7255	445
7256	446
7257	446
7258	446
7259	446
7260	447
7261	447
7262	447
7263	447
7264	448
7265	448
7266	448
7267	448
7268	449
7269	449
7270	449
7271	449
7272	450
7273	450
7274	450
7275	450
7276	451
7277	451
7278	451
7279	451
7280	452
7281	452
7282	452
7283	452
7284	453
7285	453
7286	453
7287	453
7288	454
7289	454
7290	454
7291	454
7292	455
7293	455
7294	455
7295	455
7296	456
7297	456
7298	456
7299	456
7300	457
7301	457
7302	457
7303	457
7304	458
7305	458
7306	458
7307	458
7308	459
7309	459
7310	459
7311	459
7312	460
7313	460
7314	460
7315	460
7316	461
7317	461
7318	461
7319	461
7320	462
7321	462
7322	462
7323	462
7324	463
7325	463
7326	463
7327	463
7328	464
7329	464
7330	464
7331	464
7332	465
7333	465
7334	465
7335	465
7336	466
7337	466
7338	466
7339	466
7340	467
7341	467
7342	467
7343	467
7344	432
7345	432
7346	432
7347	432
7348	433
7349	433
7350	433
7351	433
7352	434
7353	434
7354	434
7355	434
7356	435
7357	435
7358	435
7359	435
7360	436
7361	436
7362	436
7363	436
7364	437
7365	437
7366	437
7367	437
7368	438
7369	438
7370	438
7371	438
7372	439
7373	439
7374	439
7375	439
7376	440
7377	440
7378	440
7379	440
7380	441
7381	441
7382	441
7383	441
7384	442
7385	442
7386	442
7387	442
7388	443
7389	443
7390	443
7391	443
7392	444
7393	444
7394	444
7395	444
7396	445
7397	445
7398	445
7399	445
7400	446
7401	446
7402	446
7403	446
7404	447
7405	447
7406	447
7407	447
7408	448
7409	448
7410	448
7411	448
7412	449
7413	449
7414	449
7415	449
7416	450
7417	450
7418	450
7419	450
7420	451
7421	451
7422	451
7423	451
7424	452
7425	452
7426	452
7427	452
7428	453
7429	453
7430	453
7431	453
7432	454
7433	454
7434	454
7435	454
7436	455
7437	455
7438	455
7439	455
7440	456
7441	456
7442	456
7443	456
7444	457
7445	457
7446	457
7447	457
7448	458
7449	458
7450	458
7451	458
7452	459
7453	459
7454	459
7455	459
7456	460
7457	460
7458	460
7459	460
7460	461
7461	461
7462	461
7463	461
7464	462
7465	462
7466	462
7467	462
7468	463
7469	463
7470	463
7471	463
7472	464
7473	464
7474	464
7475	464
7476	465
7477	465
7478	465
7479	465
7480	466
7481	466
7482	466
7483	466
7484	467
7485	467
7486	467
7487	467
7488	468
7489	468
7490	468
7491	468
7492	469
7493	469
7494	469
7495	469
7496	470
7497	470
7498	470
7499	470
7500	471
7501	471
7502	471
7503	471
7504	472
7505	472
7506	472
7507	472
7508	473
7509	473
7510	473
7511	473
7512	474
7513	474
7514	474
7515	474
7516	475
7517	475
7518	475
7519	475
7520	476
7521	476
7522	476
7523	476
7524	477
7525	477
7526	477
7527	477
7528	478
7529	478
7530	478
7531	478
7532	479
7533	479
7534	479
7535	479
7536	480
7537	480
7538	480
7539	480
7540	481
7541	481
7542	481
7543	481
7544	482
7545	482
7546	482
7547	482
7548	483
7549	483
7550	483
7551	483
7552	484
7553	484
7554	484
7555	484
7556	485
7557	485
7558	485
7559	485
7560	486
7561	486
7562	486
7563	486
7564	487
7565	487
7566	487
7567	487
7568	488
7569	488
7570	488
7571	488
7572	489
7573	489
7574	489
7575	489
7576	490
7577	490
7578	490
7579	490
7580	491
7581	491
7582	491
7583	491
7584	492
7585	492
7586	492
7587	492
7588	493
7589	493
7590	493
7591	493
7592	494
7593	494
7594	494
7595	494
7596	495
7597	495
7598	495
7599	495
7600	496
7601	496
7602	496
7603	496
7604	497
7605	497
7606	497
7607	497
7608	498
7609	498
7610	498
7611	498
7612	499
7613	499
7614	499
7615	499
7616	500
7617	500
7618	500
7619	500
7620	501
7621	501
7622	501
7623	501
7624	502
7625	502
7626	502
7627	502
7628	503
7629	503
7630	503
7631	503
7632	468
7633	468
7634	468
7635	468
7636	469
7637	469
7638	469
7639	469
7640	470
7641	470
7642	470
7643	470
7644	471
7645	471
7646	471
7647	471
7648	472
7649	472
7650	472
7651	472
7652	473
7653	473
7654	473
7655	473
7656	474
7657	474
7658	474
7659	474
7660	475
7661	475
7662	475
7663	475
7664	476
7665	476
7666	476
7667	476
7668	477
7669	477
7670	477
7671	477
7672	478
7673	478
7674	478
7675	478
7676	479
7677	479
7678	479
7679	479
7680	480
7681	480
7682	480
7683	480
7684	481
7685	481
7686	481
7687	481
7688	482
7689	482
7690	482
7691	482
7692	483
7693	483
7694	483
7695	483
7696	484
7697	484
7698	484
7699	484
7700	485
7701	485
7702	485
7703	485
7704	486
7705	486
7706	486
7707	486
7708	487
7709	487
7710	487
7711	487
7712	488
7713	488
7714	488
7715	488
7716	489
7717	489
7718	489
7719	489
7720	490
7721	490
7722	490
7723	490
7724	491
7725	491
7726	491
7727	491
7728	492
7729	492
7730	492
7731	492
7732	493
7733	493
7734	493
7735	493
7736	494
7737	494
7738	494
7739	494
7740	495
7741	495
7742	495
7743	495
7744	496
7745	496
7746	496
7747	496
7748	497
7749	497
7750	497
7751	497
7752	498
7753	498
7754	498
7755	498
7756	499
7757	499
7758	499
7759	499
7760	500
7761	500
7762	500
7763	500
7764	501
7765	501
7766	501
7767	501
7768	502
7769	502
7770	502
7771	502
7772	503
7773	503
7774	503
7775	503
7776	468
7777	468
7778	468
7779	468
7780	469
7781	469
7782	469
7783	469
7784	470
7785	470
7786	470
7787	470
7788	471
7789	471
7790	471
7791	471
7792	472
7793	472
7794	472
7795	472
7796	473
7797	473
7798	473
7799	473
7800	474
7801	474
7802	474
7803	474
7804	475
7805	475
7806	475
7807	475
7808	476
7809	476
7810	476
7811	476
7812	477
7813	477
7814	477
7815	477
7816	478
7817	478
7818	478
7819	478
7820	479
7821	479
7822	479
7823	479
7824	480
7825	480
7826	480
7827	480
7828	481
7829	481
7830	481
7831	481
7832	482
7833	482
7834	482
7835	482
7836	483
7837	483
7838	483
7839	483
7840	484
7841	484
7842	484
7843	484
7844	485
7845	485
7846	485
7847	485
7848	486
7849	486
7850	486
7851	486
7852	487
7853	487
7854	487
7855	487
7856	488
7857	488
7858	488
7859	488
7860	489
7861	489
7862	489
7863	489
7864	490
7865	490
7866	490
7867	490
7868	491
7869	491
7870	491
7871	491
7872	492
7873	492
7874	492
7875	492
7876	493
7877	493
7878	493
7879	493
7880	494
7881	494
7882	494
7883	494
7884	495
7885	495
7886	495
7887	495
7888	496
7889	496
7890	496
7891	496
7892	497
7893	497
7894	497
7895	497
7896	498
7897	498
7898	498
7899	498
7900	499
7901	499
7902	499
7903	499
7904	500
7905	500
7906	500
7907	500
7908	501
7909	501
7910	501
7911	501
7912	502
7913	502
7914	502
7915	502
7916	503
7917	503
7918	503
7919	503
7920	468
7921	468
7922	468
7923	468
7924	469
7925	469
7926	469
7927	469
7928	470
7929	470
7930	470
7931	470
7932	471
7933	471
7934	471
7935	471
7936	472
7937	472
7938	472
7939	472
7940	473
7941	473
7942	473
7943	473
7944	474
7945	474
7946	474
7947	474
7948	475
7949	475
7950	475
7951	475
7952	476
7953	476
7954	476
7955	476
7956	477
7957	477
7958	477
7959	477
7960	478
7961	478
7962	478
7963	478
7964	479
7965	479
7966	479
7967	479
7968	480
7969	480
7970	480
7971	480
7972	481
7973	481
7974	481
7975	481
7976	482
7977	482
7978	482
7979	482
7980	483
7981	483
7982	483
7983	483
7984	484
7985	484
7986	484
7987	484
7988	485
7989	485
7990	485
7991	485
7992	486
7993	486
7994	486
7995	486
7996	487
7997	487
7998	487
7999	487
8000	488
8001	488
8002	488
8003	488
8004	489
8005	489
8006	489
8007	489
8008	490
8009	490
8010	490
8011	490
8012	491
8013	491
8014	491
8015	491
8016	492
8017	492
8018	492
8019	492
8020	493
8021	493
8022	493
8023	493
8024	494
8025	494
8026	494
8027	494
8028	495
8029	495
8030	495
8031	495
8032	496
8033	496
8034	496
8035	496
8036	497
8037	497
8038	497
8039	497
8040	498
8041	498
8042	498
8043	498
8044	499
8045	499
8046	499
8047	499
8048	500
8049	500
8050	500
8051	500
8052	501
8053	501
8054	501
8055	501
8056	502
8057	502
8058	502
8059	502
8060	503
8061	503
8062	503
8063	503
8064	504
8065	504
8066	504
8067	504
8068	505
8069	505
8070	505
8071	505
8072	506
8073	506
8074	506
8075	506
8076	507
8077	507
8078	507
8079	507
8080	508
8081	508
8082	508
8083	508
8084	509
8085	509
8086	509
8087	509
8088	510
8089	510
8090	510
8091	510
8092	511
8093	511
8094	511
8095	511
8096	512
8097	512
8098	512
8099	512
8100	513
8101	513
8102	513
8103	513
8104	514
8105	514
8106	514
8107	514
8108	515
8109	515
8110	515
8111	515
8112	516
8113	516
8114	516
8115	516
8116	517
8117	517
8118	517
8119	517
8120	518
8121	518
8122	518
8123	518
8124	519
8125	519
8126	519
8127	519
8128	520
8129	520
8130	520
8131	520
8132	521
8133	521
8134	521
8135	521
8136	522
8137	522
8138	522
8139	522
8140	523
8141	523
8142	523
8143	523
8144	524
8145	524
8146	524
8147	524
8148	525
8149	525
8150	525
8151	525
8152	526
8153	526
8154	526
8155	526
8156	527
8157	527
8158	527
8159	527
8160	528
8161	528
8162	528
8163	528
8164	529
8165	529
8166	529
8167	529
8168	530
8169	530
8170	530
8171	530
8172	531
8173	531
8174	531
8175	531
8176	532
8177	532
8178	532
8179	532
8180	533
8181	533
8182	533
8183	533
8184	534
8185	534
8186	534
8187	534
8188	535
8189	535
8190	535
8191	535
8192	536
8193	536
8194	536
8195	536
8196	537
8197	537
8198	537
8199	537
8200	538
8201	538
8202	538
8203	538
8204	539
8205	539
8206	539
8207	539
8208	504
8209	504
8210	504
8211	504
8212	505
8213	505
8214	505
8215	505
8216	506
8217	506
8218	506
8219	506
8220	507
8221	507
8222	507
8223	507
8224	508
8225	508
8226	508
8227	508
8228	509
8229	509
8230	509
8231	509
8232	510
8233	510
8234	510
8235	510
8236	511
8237	511
8238	511
8239	511
8240	512
8241	512
8242	512
8243	512
8244	513
8245	513
8246	513
8247	513
8248	514
8249	514
8250	514
8251	514
8252	515
8253	515
8254	515
8255	515
8256	516
8257	516
8258	516
8259	516
8260	517
8261	517
8262	517
8263	517
8264	518
8265	518
8266	518
8267	518
8268	519
8269	519
8270	519
8271	519
8272	520
8273	520
8274	520
8275	520
8276	521
8277	521
8278	521
8279	521
8280	522
8281	522
8282	522
8283	522
8284	523
8285	523
8286	523
8287	523
8288	524
8289	524
8290	524
8291	524
8292	525
8293	525
8294	525
8295	525
8296	526
8297	526
8298	526
8299	526
8300	527
8301	527
8302	527
8303	527
8304	528
8305	528
8306	528
8307	528
8308	529
8309	529
8310	529
8311	529
8312	530
8313	530
8314	530
8315	530
8316	531
8317	531
8318	531
8319	531
8320	532
8321	532
8322	532
8323	532
8324	533
8325	533
8326	533
8327	533
8328	534
8329	534
8330	534
8331	534
8332	535
8333	535
8334	535
8335	535
8336	536
8337	536
8338	536
8339	536
8340	537
8341	537
8342	537
8343	537
8344	538
8345	538
8346	538
8347	538
8348	539
8349	539
8350	539
8351	539
8352	504
8353	504
8354	504
8355	504
8356	505
8357	505
8358	505
8359	505
8360	506
8361	506
8362	506
8363	506
8364	507
8365	507
8366	507
8367	507
8368	508
8369	508
8370	508
8371	508
8372	509
8373	509
8374	509
8375	509
8376	510
8377	510
8378	510
8379	510
8380	511
8381	511
8382	511
8383	511
8384	512
8385	512
8386	512
8387	512
8388	513
8389	513
8390	513
8391	513
8392	514
8393	514
8394	514
8395	514
8396	515
8397	515
8398	515
8399	515
8400	516
8401	516
8402	516
8403	516
8404	517
8405	517
8406	517
8407	517
8408	518
8409	518
8410	518
8411	518
8412	519
8413	519
8414	519
8415	519
8416	520
8417	520
8418	520
8419	520
8420	521
8421	521
8422	521
8423	521
8424	522
8425	522
8426	522
8427	522
8428	523
8429	523
8430	523
8431	523
8432	524
8433	524
8434	524
8435	524
8436	525
8437	525
8438	525
8439	525
8440	526
8441	526
8442	526
8443	526
8444	527
8445	527
8446	527
8447	527
8448	528
8449	528
8450	528
8451	528
8452	529
8453	529
8454	529
8455	529
8456	530
8457	530
8458	530
8459	530
8460	531
8461	531
8462	531
8463	531
8464	532
8465	532
8466	532
8467	532
8468	533
8469	533
8470	533
8471	533
8472	534
8473	534
8474	534
8475	534
8476	535
8477	535
8478	535
8479	535
8480	536
8481	536
8482	536
8483	536
8484	537
8485	537
8486	537
8487	537
8488	538
8489	538
8490	538
8491	538
8492	539
8493	539
8494	539
8495	539
8496	504
8497	504
8498	504
8499	504
8500	505
8501	505
8502	505
8503	505
8504	506
8505	506
8506	506
8507	506
8508	507
8509	507
8510	507
8511	507
8512	508
8513	508
8514	508
8515	508
8516	509
8517	509
8518	509
8519	509
8520	510
8521	510
8522	510
8523	510
8524	511
8525	511
8526	511
8527	511
8528	512
8529	512
8530	512
8531	512
8532	513
8533	513
8534	513
8535	513
8536	514
8537	514
8538	514
8539	514
8540	515
8541	515
8542	515
8543	515
8544	516
8545	516
8546	516
8547	516
8548	517
8549	517
8550	517
8551	517
8552	518
8553	518
8554	518
8555	518
8556	519
8557	519
8558	519
8559	519
8560	520
8561	520
8562	520
8563	520
8564	521
8565	521
8566	521
8567	521
8568	522
8569	522
8570	522
8571	522
8572	523
8573	523
8574	523
8575	523
8576	524
8577	524
8578	524
8579	524
8580	525
8581	525
8582	525
8583	525
8584	526
8585	526
8586	526
8587	526
8588	527
8589	527
8590	527
8591	527
8592	528
8593	528
8594	528
8595	528
8596	529
8597	529
8598	529
8599	529
8600	530
8601	530
8602	530
8603	530
8604	531
8605	531
8606	531
8607	531
8608	532
8609	532
8610	532
8611	532
8612	533
8613	533
8614	533
8615	533
8616	534
8617	534
8618	534
8619	534
8620	535
8621	535
8622	535
8623	535
8624	536
8625	536
8626	536
8627	536
8628	537
8629	537
8630	537
8631	537
8632	538
8633	538
8634	538
8635	538
8636	539
8637	539
8638	539
8639	539
8640	540
8641	540
8642	540
8643	540
8644	541
8645	541
8646	541
8647	541
8648	542
8649	542
8650	542
8651	542
8652	543
8653	543
8654	543
8655	543
8656	544
8657	544
8658	544
8659	544
8660	545
8661	545
8662	545
8663	545
8664	546
8665	546
8666	546
8667	546
8668	547
8669	547
8670	547
8671	547
8672	548
8673	548
8674	548
8675	548
8676	549
8677	549
8678	549
8679	549
8680	550
8681	550
8682	550
8683	550
8684	551
8685	551
8686	551
8687	551
8688	552
8689	552
8690	552
8691	552
8692	553
8693	553
8694	553
8695	553
8696	554
8697	554
8698	554
8699	554
8700	555
8701	555
8702	555
8703	555
8704	556
8705	556
8706	556
8707	556
8708	557
8709	557
8710	557
8711	557
8712	558
8713	558
8714	558
8715	558
8716	559
8717	559
8718	559
8719	559
8720	560
8721	560
8722	560
8723	560
8724	561
8725	561
8726	561
8727	561
8728	562
8729	562
8730	562
8731	562
8732	563
8733	563
8734	563
8735	563
8736	564
8737	564
8738	564
8739	564
8740	565
8741	565
8742	565
8743	565
8744	566
8745	566
8746	566
8747	566
8748	567
8749	567
8750	567
8751	567
8752	568
8753	568
8754	568
8755	568
8756	569
8757	569
8758	569
8759	569
8760	570
8761	570
8762	570
8763	570
8764	571
8765	571
8766	571
8767	571
8768	572
8769	572
8770	572
8771	572
8772	573
8773	573
8774	573
8775	573
8776	574
8777	574
8778	574
8779	574
8780	575
8781	575
8782	575
8783	575
8784	540
8785	540
8786	540
8787	540
8788	541
8789	541
8790	541
8791	541
8792	542
8793	542
8794	542
8795	542
8796	543
8797	543
8798	543
8799	543
8800	544
8801	544
8802	544
8803	544
8804	545
8805	545
8806	545
8807	545
8808	546
8809	546
8810	546
8811	546
8812	547
8813	547
8814	547
8815	547
8816	548
8817	548
8818	548
8819	548
8820	549
8821	549
8822	549
8823	549
8824	550
8825	550
8826	550
8827	550
8828	551
8829	551
8830	551
8831	551
8832	552
8833	552
8834	552
8835	552
8836	553
8837	553
8838	553
8839	553
8840	554
8841	554
8842	554
8843	554
8844	555
8845	555
8846	555
8847	555
8848	556
8849	556
8850	556
8851	556
8852	557
8853	557
8854	557
8855	557
8856	558
8857	558
8858	558
8859	558
8860	559
8861	559
8862	559
8863	559
8864	560
8865	560
8866	560
8867	560
8868	561
8869	561
8870	561
8871	561
8872	562
8873	562
8874	562
8875	562
8876	563
8877	563
8878	563
8879	563
8880	564
8881	564
8882	564
8883	564
8884	565
8885	565
8886	565
8887	565
8888	566
8889	566
8890	566
8891	566
8892	567
8893	567
8894	567
8895	567
8896	568
8897	568
8898	568
8899	568
8900	569
8901	569
8902	569
8903	569
8904	570
8905	570
8906	570
8907	570
8908	571
8909	571
8910	571
8911	571
8912	572
8913	572
8914	572
8915	572
8916	573
8917	573
8918	573
8919	573
8920	574
8921	574
8922	574
8923	574
8924	575
8925	575
8926	575
8927	575
8928	540
8929	540
8930	540
8931	540
8932	541
8933	541
8934	541
8935	541
8936	542
8937	542
8938	542
8939	542
8940	543
8941	543
8942	543
8943	543
8944	544
8945	544
8946	544
8947	544
8948	545
8949	545
8950	545
8951	545
8952	546
8953	546
8954	546
8955	546
8956	547
8957	547
8958	547
8959	547
8960	548
8961	548
8962	548
8963	548
8964	549
8965	549
8966	549
8967	549
8968	550
8969	550
8970	550
8971	550
8972	551
8973	551
8974	551
8975	551
8976	552
8977	552
8978	552
8979	552
8980	553
8981	553
8982	553
8983	553
8984	554
8985	554
8986	554
8987	554
8988	555
8989	555
8990	555
8991	555
8992	556
8993	556
8994	556
8995	556
8996	557
8997	557
8998	557
8999	557
9000	558
9001	558
9002	558
9003	558
9004	559
9005	559
9006	559
9007	559
9008	560
9009	560
9010	560
9011	560
9012	561
9013	561
9014	561
9015	561
9016	562
9017	562
9018	562
9019	562
9020	563
9021	563
9022	563
9023	563
9024	564
9025	564
9026	564
9027	564
9028	565
9029	565
9030	565
9031	565
9032	566
9033	566
9034	566
9035	566
9036	567
9037	567
9038	567
9039	567
9040	568
9041	568
9042	568
9043	568
9044	569
9045	569
9046	569
9047	569
9048	570
9049	570
9050	570
9051	570
9052	571
9053	571
9054	571
9055	571
9056	572
9057	572
9058	572
9059	572
9060	573
9061	573
9062	573
9063	573
9064	574
9065	574
9066	574
9067	574
9068	575
9069	575
9070	575
9071	575
9072	540
9073	540
9074	540
9075	540
9076	541
9077	541
9078	541
9079	541
9080	542
9081	542
9082	542
9083	542
9084	543
9085	543
9086	543
9087	543
9088	544
9089	544
9090	544
9091	544
9092	545
9093	545
9094	545
9095	545
9096	546
9097	546
9098	546
9099	546
9100	547
9101	547
9102	547
9103	547
9104	548
9105	548
9106	548
9107	548
9108	549
9109	549
9110	549
9111	549
9112	550
9113	550
9114	550
9115	550
9116	551
9117	551
9118	551
9119	551
9120	552
9121	552
9122	552
9123	552
9124	553
9125	553
9126	553
9127	553
9128	554
9129	554
9130	554
9131	554
9132	555
9133	555
9134	555
9135	555
9136	556
9137	556
9138	556
9139	556
9140	557
9141	557
9142	557
9143	557
9144	558
9145	558
9146	558
9147	558
9148	559
9149	559
9150	559
9151	559
9152	560
9153	560
9154	560
9155	560
9156	561
9157	561
9158	561
9159	561
9160	562
9161	562
9162	562
9163	562
9164	563
9165	563
9166	563
9167	563
9168	564
9169	564
9170	564
9171	564
9172	565
9173	565
9174	565
9175	565
9176	566
9177	566
9178	566
9179	566
9180	567
9181	567
9182	567
9183	567
9184	568
9185	568
9186	568
9187	568
9188	569
9189	569
9190	569
9191	569
9192	570
9193	570
9194	570
9195	570
9196	571
9197	571
9198	571
9199	571
9200	572
9201	572
9202	572
9203	572
9204	573
9205	573
9206	573
9207	573
9208	574
9209	574
9210	574
9211	574
9212	575
9213	575
9214	575
9215	575
9216	576
9217	576
9218	576
9219	576
9220	577
9221	577
9222	577
9223	577
9224	578
9225	578
9226	578
9227	578
9228	579
9229	579
9230	579
9231	579
9232	580
9233	580
9234	580
9235	580
9236	581
9237	581
9238	581
9239	581
9240	582
9241	582
9242	582
9243	582
9244	583
9245	583
9246	583
9247	583
9248	584
9249	584
9250	584
9251	584
9252	585
9253	585
9254	585
9255	585
9256	586
9257	586
9258	586
9259	586
9260	587
9261	587
9262	587
9263	587
9264	588
9265	588
9266	588
9267	588
9268	589
9269	589
9270	589
9271	589
9272	590
9273	590
9274	590
9275	590
9276	591
9277	591
9278	591
9279	591
9280	592
9281	592
9282	592
9283	592
9284	593
9285	593
9286	593
9287	593
9288	594
9289	594
9290	594
9291	594
9292	595
9293	595
9294	595
9295	595
9296	596
9297	596
9298	596
9299	596
9300	597
9301	597
9302	597
9303	597
9304	598
9305	598
9306	598
9307	598
9308	599
9309	599
9310	599
9311	599
9312	600
9313	600
9314	600
9315	600
9316	601
9317	601
9318	601
9319	601
9320	602
9321	602
9322	602
9323	602
9324	603
9325	603
9326	603
9327	603
9328	604
9329	604
9330	604
9331	604
9332	605
9333	605
9334	605
9335	605
9336	606
9337	606
9338	606
9339	606
9340	607
9341	607
9342	607
9343	607
9344	608
9345	608
9346	608
9347	608
9348	609
9349	609
9350	609
9351	609
9352	610
9353	610
9354	610
9355	610
9356	611
9357	611
9358	611
9359	611
9360	576
9361	576
9362	576
9363	576
9364	577
9365	577
9366	577
9367	577
9368	578
9369	578
9370	578
9371	578
9372	579
9373	579
9374	579
9375	579
9376	580
9377	580
9378	580
9379	580
9380	581
9381	581
9382	581
9383	581
9384	582
9385	582
9386	582
9387	582
9388	583
9389	583
9390	583
9391	583
9392	584
9393	584
9394	584
9395	584
9396	585
9397	585
9398	585
9399	585
9400	586
9401	586
9402	586
9403	586
9404	587
9405	587
9406	587
9407	587
9408	588
9409	588
9410	588
9411	588
9412	589
9413	589
9414	589
9415	589
9416	590
9417	590
9418	590
9419	590
9420	591
9421	591
9422	591
9423	591
9424	592
9425	592
9426	592
9427	592
9428	593
9429	593
9430	593
9431	593
9432	594
9433	594
9434	594
9435	594
9436	595
9437	595
9438	595
9439	595
9440	596
9441	596
9442	596
9443	596
9444	597
9445	597
9446	597
9447	597
9448	598
9449	598
9450	598
9451	598
9452	599
9453	599
9454	599
9455	599
9456	600
9457	600
9458	600
9459	600
9460	601
9461	601
9462	601
9463	601
9464	602
9465	602
9466	602
9467	602
9468	603
9469	603
9470	603
9471	603
9472	604
9473	604
9474	604
9475	604
9476	605
9477	605
9478	605
9479	605
9480	606
9481	606
9482	606
9483	606
9484	607
9485	607
9486	607
9487	607
9488	608
9489	608
9490	608
9491	608
9492	609
9493	609
9494	609
9495	609
9496	610
9497	610
9498	610
9499	610
9500	611
9501	611
9502	611
9503	611
9504	576
9505	576
9506	576
9507	576
9508	577
9509	577
9510	577
9511	577
9512	578
9513	578
9514	578
9515	578
9516	579
9517	579
9518	579
9519	579
9520	580
9521	580
9522	580
9523	580
9524	581
9525	581
9526	581
9527	581
9528	582
9529	582
9530	582
9531	582
9532	583
9533	583
9534	583
9535	583
9536	584
9537	584
9538	584
9539	584
9540	585
9541	585
9542	585
9543	585
9544	586
9545	586
9546	586
9547	586
9548	587
9549	587
9550	587
9551	587
9552	588
9553	588
9554	588
9555	588
9556	589
9557	589
9558	589
9559	589
9560	590
9561	590
9562	590
9563	590
9564	591
9565	591
9566	591
9567	591
9568	592
9569	592
9570	592
9571	592
9572	593
9573	593
9574	593
9575	593
9576	594
9577	594
9578	594
9579	594
9580	595
9581	595
9582	595
9583	595
9584	596
9585	596
9586	596
9587	596
9588	597
9589	597
9590	597
9591	597
9592	598
9593	598
9594	598
9595	598
9596	599
9597	599
9598	599
9599	599
9600	600
9601	600
9602	600
9603	600
9604	601
9605	601
9606	601
9607	601
9608	602
9609	602
9610	602
9611	602
9612	603
9613	603
9614	603
9615	603
9616	604
9617	604
9618	604
9619	604
9620	605
9621	605
9622	605
9623	605
9624	606
9625	606
9626	606
9627	606
9628	607
9629	607
9630	607
9631	607
9632	608
9633	608
9634	608
9635	608
9636	609
9637	609
9638	609
9639	609
9640	610
9641	610
9642	610
9643	610
9644	611
9645	611
9646	611
9647	611
9648	576
9649	576
9650	576
9651	576
9652	577
9653	577
9654	577
9655	577
9656	578
9657	578
9658	578
9659	578
9660	579
9661	579
9662	579
9663	579
9664	580
9665	580
9666	580
9667	580
9668	581
9669	581
9670	581
9671	581
9672	582
9673	582
9674	582
9675	582
9676	583
9677	583
9678	583
9679	583
9680	584
9681	584
9682	584
9683	584
9684	585
9685	585
9686	585
9687	585
9688	586
9689	586
9690	586
9691	586
9692	587
9693	587
9694	587
9695	587
9696	588
9697	588
9698	588
9699	588
9700	589
9701	589
9702	589
9703	589
9704	590
9705	590
9706	590
9707	590
9708	591
9709	591
9710	591
9711	591
9712	592
9713	592
9714	592
9715	592
9716	593
9717	593
9718	593
9719	593
9720	594
9721	594
9722	594
9723	594
9724	595
9725	595
9726	595
9727	595
9728	596
9729	596
9730	596
9731	596
9732	597
9733	597
9734	597
9735	597
9736	598
9737	598
9738	598
9739	598
9740	599
9741	599
9742	599
9743	599
9744	600
9745	600
9746	600
9747	600
9748	601
9749	601
9750	601
9751	601
9752	602
9753	602
9754	602
9755	602
9756	603
9757	603
9758	603
9759	603
9760	604
9761	604
9762	604
9763	604
9764	605
9765	605
9766	605
9767	605
9768	606
9769	606
9770	606
9771	606
9772	607
9773	607
9774	607
9775	607
9776	608
9777	608
9778	608
9779	608
9780	609
9781	609
9782	609
9783	609
9784	610
9785	610
9786	610
9787	610
9788	611
9789	611
9790	611
9791	611
9792	612
9793	612
9794	612
9795	612
9796	613
9797	613
9798	613
9799	613
9800	614
9801	614
9802	614
9803	614
9804	615
9805	615
9806	615
9807	615
9808	616
9809	616
9810	616
9811	616
9812	617
9813	617
9814	617
9815	617
9816	618
9817	618
9818	618
9819	618
9820	619
9821	619
9822	619
9823	619
9824	620
9825	620
9826	620
9827	620
9828	621
9829	621
9830	621
9831	621
9832	622
9833	622
9834	622
9835	622
9836	623
9837	623
9838	623
9839	623
9840	624
9841	624
9842	624
9843	624
9844	625
9845	625
9846	625
9847	625
9848	626
9849	626
9850	626
9851	626
9852	627
9853	627
9854	627
9855	627
9856	628
9857	628
9858	628
9859	628
9860	629
9861	629
9862	629
9863	629
9864	630
9865	630
9866	630
9867	630
9868	631
9869	631
9870	631
9871	631
9872	632
9873	632
9874	632
9875	632
9876	633
9877	633
9878	633
9879	633
9880	634
9881	634
9882	634
9883	634
9884	635
9885	635
9886	635
9887	635
9888	636
9889	636
9890	636
9891	636
9892	637
9893	637
9894	637
9895	637
9896	638
9897	638
9898	638
9899	638
9900	639
9901	639
9902	639
9903	639
9904	640
9905	640
9906	640
9907	640
9908	641
9909	641
9910	641
9911	641
9912	642
9913	642
9914	642
9915	642
9916	643
9917	643
9918	643
9919	643
9920	644
9921	644
9922	644
9923	644
9924	645
9925	645
9926	645
9927	645
9928	646
9929	646
9930	646
9931	646
9932	647
9933	647
9934	647
9935	647
9936	612
9937	612
9938	612
9939	612
9940	613
9941	613
9942	613
9943	613
9944	614
9945	614
9946	614
9947	614
9948	615
9949	615
9950	615
9951	615
9952	616
9953	616
9954	616
9955	616
9956	617
9957	617
9958	617
9959	617
9960	618
9961	618
9962	618
9963	618
9964	619
9965	619
9966	619
9967	619
9968	620
9969	620
9970	620
9971	620
9972	621
9973	621
9974	621
9975	621
9976	622
9977	622
9978	622
9979	622
9980	623
9981	623
9982	623
9983	623
9984	624
9985	624
9986	624
9987	624
9988	625
9989	625
9990	625
9991	625
9992	626
9993	626
9994	626
9995	626
9996	627
9997	627
9998	627
9999	627
10000	628
10001	628
10002	628
10003	628
10004	629
10005	629
10006	629
10007	629
10008	630
10009	630
10010	630
10011	630
10012	631
10013	631
10014	631
10015	631
10016	632
10017	632
10018	632
10019	632
10020	633
10021	633
10022	633
10023	633
10024	634
10025	634
10026	634
10027	634
10028	635
10029	635
10030	635
10031	635
10032	636
10033	636
10034	636
10035	636
10036	637
10037	637
10038	637
10039	637
10040	638
10041	638
10042	638
10043	638
10044	639
10045	639
10046	639
10047	639
10048	640
10049	640
10050	640
10051	640
10052	641
10053	641
10054	641
10055	641
10056	642
10057	642
10058	642
10059	642
10060	643
10061	643
10062	643
10063	643
10064	644
10065	644
10066	644
10067	644
10068	645
10069	645
10070	645
10071	645
10072	646
10073	646
10074	646
10075	646
10076	647
10077	647
10078	647
10079	647
10080	612
10081	612
10082	612
10083	612
10084	613
10085	613
10086	613
10087	613
10088	614
10089	614
10090	614
10091	614
10092	615
10093	615
10094	615
10095	615
10096	616
10097	616
10098	616
10099	616
10100	617
10101	617
10102	617
10103	617
10104	618
10105	618
10106	618
10107	618
10108	619
10109	619
10110	619
10111	619
10112	620
10113	620
10114	620
10115	620
10116	621
10117	621
10118	621
10119	621
10120	622
10121	622
10122	622
10123	622
10124	623
10125	623
10126	623
10127	623
10128	624
10129	624
10130	624
10131	624
10132	625
10133	625
10134	625
10135	625
10136	626
10137	626
10138	626
10139	626
10140	627
10141	627
10142	627
10143	627
10144	628
10145	628
10146	628
10147	628
10148	629
10149	629
10150	629
10151	629
10152	630
10153	630
10154	630
10155	630
10156	631
10157	631
10158	631
10159	631
10160	632
10161	632
10162	632
10163	632
10164	633
10165	633
10166	633
10167	633
10168	634
10169	634
10170	634
10171	634
10172	635
10173	635
10174	635
10175	635
10176	636
10177	636
10178	636
10179	636
10180	637
10181	637
10182	637
10183	637
10184	638
10185	638
10186	638
10187	638
10188	639
10189	639
10190	639
10191	639
10192	640
10193	640
10194	640
10195	640
10196	641
10197	641
10198	641
10199	641
10200	642
10201	642
10202	642
10203	642
10204	643
10205	643
10206	643
10207	643
10208	644
10209	644
10210	644
10211	644
10212	645
10213	645
10214	645
10215	645
10216	646
10217	646
10218	646
10219	646
10220	647
10221	647
10222	647
10223	647
10224	612
10225	612
10226	612
10227	612
10228	613
10229	613
10230	613
10231	613
10232	614
10233	614
10234	614
10235	614
10236	615
10237	615
10238	615
10239	615
10240	616
10241	616
10242	616
10243	616
10244	617
10245	617
10246	617
10247	617
10248	618
10249	618
10250	618
10251	618
10252	619
10253	619
10254	619
10255	619
10256	620
10257	620
10258	620
10259	620
10260	621
10261	621
10262	621
10263	621
10264	622
10265	622
10266	622
10267	622
10268	623
10269	623
10270	623
10271	623
10272	624
10273	624
10274	624
10275	624
10276	625
10277	625
10278	625
10279	625
10280	626
10281	626
10282	626
10283	626
10284	627
10285	627
10286	627
10287	627
10288	628
10289	628
10290	628
10291	628
10292	629
10293	629
10294	629
10295	629
10296	630
10297	630
10298	630
10299	630
10300	631
10301	631
10302	631
10303	631
10304	632
10305	632
10306	632
10307	632
10308	633
10309	633
10310	633
10311	633
10312	634
10313	634
10314	634
10315	634
10316	635
10317	635
10318	635
10319	635
10320	636
10321	636
10322	636
10323	636
10324	637
10325	637
10326	637
10327	637
10328	638
10329	638
10330	638
10331	638
10332	639
10333	639
10334	639
10335	639
10336	640
10337	640
10338	640
10339	640
10340	641
10341	641
10342	641
10343	641
10344	642
10345	642
10346	642
10347	642
10348	643
10349	643
10350	643
10351	643
10352	644
10353	644
10354	644
10355	644
10356	645
10357	645
10358	645
10359	645
10360	646
10361	646
10362	646
10363	646
10364	647
10365	647
10366	647
10367	647
