2400
9785.48
9785.48
9785.48
9785.48
9785.48
9785.48
9785.48
9785.48
9785.48
9785.48
9785.48
9785.48
9736.43
9736.43
9736.43
9736.43
9736.43
9736.43
9736.43
9736.43
9736.43
9736.43
9736.43
9736.43
9687.38
9687.38
9687.38
9687.38
9687.38
9687.38
9687.38
9687.38
9687.38
9687.38
9687.38
9687.38
9638.33
9638.33
9638.33
9638.33
9638.33
9638.33
9638.33
9638.33
9638.33
9638.33
9638.33
9638.33
9589.27
9589.27
9589.27
9589.27
9589.27
9589.27
9589.27
9589.27
9589.27
9589.27
9589.27
9589.27
9540.23
9540.23
9540.23
9540.23
9540.23
9540.23
9540.23
9540.23
9540.23
9540.23
9540.23
9540.23
9491.18
9491.18
9491.18
9491.18
9491.18
9491.18
9491.18
9491.18
9491.18
9491.18
9491.18
9491.18
9442.12
9442.12
9442.12
9442.12
9442.12
9442.12
9442.12
9442.12
9442.12
9442.12
9442.12
9442.12
9393.08
9393.08
9393.08
9393.08
9393.08
9393.08
9393.08
9393.08
9393.08
9393.08
9393.08
9393.08
9344.02
9344.02
9344.02
9344.02
9344.02
9344.02
9344.02
9344.02
9344.02
9344.02
9344.02
9344.02
9294.98
9294.98
9294.98
9294.98
9294.98
9294.98
9294.98
9294.98
9294.98
9294.98
9294.98
9294.98
9245.93
9245.93
9245.93
9245.93
9245.93
9245.93
9245.93
9245.93
9245.93
9245.93
9245.93
9245.93
9196.88
9196.88
9196.88
9196.88
9196.88
9196.88
9196.88
9196.88
9196.88
9196.88
9196.88
9196.88
9147.83
9147.83
9147.83
9147.83
9147.83
9147.83
9147.83
9147.83
9147.83
9147.83
9147.83
9147.83
9098.77
9098.77
9098.77
9098.77
9098.77
9098.77
9098.77
9098.77
9098.77
9098.77
9098.77
9098.77
9049.73
9049.73
9049.73
9049.73
9049.73
9049.73
9049.73
9049.73
9049.73
9049.73
9049.73
9049.73
9000.68
9000.68
9000.68
9000.68
9000.68
9000.68
9000.68
9000.68
9000.68
9000.68
9000.68
9000.68
8951.62
8951.62
8951.62
8951.62
8951.62
8951.62
8951.62
8951.62
8951.62
8951.62
8951.62
8951.62
8902.58
8902.58
8902.58
8902.58
8902.58
8902.58
8902.58
8902.58
8902.58
8902.58
8902.58
8902.58
8853.52
8853.52
8853.52
8853.52
8853.52
8853.52
8853.52
8853.52
8853.52
8853.52
8853.52
8853.52
8804.48
8804.48
8804.48
8804.48
8804.48
8804.48
8804.48
8804.48
8804.48
8804.48
8804.48
8804.48
8755.43
8755.43
8755.43
8755.43
8755.43
8755.43
8755.43
8755.43
8755.43
8755.43
8755.43
8755.43
8706.38
8706.38
8706.38
8706.38
8706.38
8706.38
8706.38
8706.38
8706.38
8706.38
8706.38
8706.38
8657.33
8657.33
8657.33
8657.33
8657.33
8657.33
8657.33
8657.33
8657.33
8657.33
8657.33
8657.33
8608.27
8608.27
8608.27
8608.27
8608.27
8608.27
8608.27
8608.27
8608.27
8608.27
8608.27
8608.27
8559.23
8559.23
8559.23
8559.23
8559.23
8559.23
8559.23
8559.23
8559.23
8559.23
8559.23
8559.23
8510.17
8510.17
8510.17
8510.17
8510.17
8510.17
8510.17
8510.17
8510.17
8510.17
8510.17
8510.17
8461.12
8461.12
8461.12
8461.12
8461.12
8461.12
8461.12
8461.12
8461.12
8461.12
8461.12
8461.12
8412.07
8412.07
8412.07
8412.07
8412.07
8412.07
8412.07
8412.07
8412.07
8412.07
8412.07
8412.07
8363.02
8363.02
8363.02
8363.02
8363.02
8363.02
8363.02
8363.02
8363.02
8363.02
8363.02
8363.02
8313.98
8313.98
8313.98
8313.98
8313.98
8313.98
8313.98
8313.98
8313.98
8313.98
8313.98
8313.98
8264.93
8264.93
8264.93
8264.93
8264.93
8264.93
8264.93
8264.93
8264.93
8264.93
8264.93
8264.93
8215.88
8215.88
8215.88
8215.88
8215.88
8215.88
8215.88
8215.88
8215.88
8215.88
8215.88
8215.88
8166.83
8166.83
8166.83
8166.83
8166.83
8166.83
8166.83
8166.83
8166.83
8166.83
8166.83
8166.83
8117.78
8117.78
8117.78
8117.78
8117.78
8117.78
8117.78
8117.78
8117.78
8117.78
8117.78
8117.78
8068.73
8068.73
8068.73
8068.73
8068.73
8068.73
8068.73
8068.73
8068.73
8068.73
8068.73
8068.73
8019.68
8019.68
8019.68
8019.68
8019.68
8019.68
8019.68
8019.68
8019.68
8019.68
8019.68
8019.68
7970.62
7970.62
7970.62
7970.62
7970.62
7970.62
7970.62
7970.62
7970.62
7970.62
7970.62
7970.62
7921.58
7921.58
7921.58
7921.58
7921.58
7921.58
7921.58
7921.58
7921.58
7921.58
7921.58
7921.58
7872.53
7872.53
7872.53
7872.53
7872.53
7872.53
7872.53
7872.53
7872.53
7872.53
7872.53
7872.53
7823.48
7823.48
7823.48
7823.48
7823.48
7823.48
7823.48
7823.48
7823.48
7823.48
7823.48
7823.48
7774.43
7774.43
7774.43
7774.43
7774.43
7774.43
7774.43
7774.43
7774.43
7774.43
7774.43
7774.43
7725.38
7725.38
7725.38
7725.38
7725.38
7725.38
7725.38
7725.38
7725.38
7725.38
7725.38
7725.38
7676.33
7676.33
7676.33
7676.33
7676.33
7676.33
7676.33
7676.33
7676.33
7676.33
7676.33
7676.33
7627.28
7627.28
7627.28
7627.28
7627.28
7627.28
7627.28
7627.28
7627.28
7627.28
7627.28
7627.28
7578.23
7578.23
7578.23
7578.23
7578.23
7578.23
7578.23
7578.23
7578.23
7578.23
7578.23
7578.23
7529.18
7529.18
7529.18
7529.18
7529.18
7529.18
7529.18
7529.18
7529.18
7529.18
7529.18
7529.18
7480.12
7480.12
7480.12
7480.12
7480.12
7480.12
7480.12
7480.12
7480.12
7480.12
7480.12
7480.12
7431.08
7431.08
7431.08
7431.08
7431.08
7431.08
7431.08
7431.08
7431.08
7431.08
7431.08
7431.08
7382.03
7382.03
7382.03
7382.03
7382.03
7382.03
7382.03
7382.03
7382.03
7382.03
7382.03
7382.03
7332.98
7332.98
7332.98
7332.98
7332.98
7332.98
7332.98
7332.98
7332.98
7332.98
7332.98
7332.98
7283.92
7283.92
7283.92
7283.92
7283.92
7283.92
7283.92
7283.92
7283.92
7283.92
7283.92
7283.92
7234.88
7234.88
7234.88
7234.88
7234.88
7234.88
7234.88
7234.88
7234.88
7234.88
7234.88
7234.88
7185.82
7185.82
7185.82
7185.82
7185.82
7185.82
7185.82
7185.82
7185.82
7185.82
7185.82
7185.82
7136.78
7136.78
7136.78
7136.78
7136.78
7136.78
7136.78
7136.78
7136.78
7136.78
7136.78
7136.78
7087.72
7087.72
7087.72
7087.72
7087.72
7087.72
7087.72
7087.72
7087.72
7087.72
7087.72
7087.72
7038.68
7038.68
7038.68
7038.68
7038.68
7038.68
7038.68
7038.68
7038.68
7038.68
7038.68
7038.68
6989.62
6989.62
6989.62
6989.62
6989.62
6989.62
6989.62
6989.62
6989.62
6989.62
6989.62
6989.62
6940.58
6940.58
6940.58
6940.58
6940.58
6940.58
6940.58
6940.58
6940.58
6940.58
6940.58
6940.58
6891.53
6891.53
6891.53
6891.53
6891.53
6891.53
6891.53
6891.53
6891.53
6891.53
6891.53
6891.53
6842.48
6842.48
6842.48
6842.48
6842.48
6842.48
6842.48
6842.48
6842.48
6842.48
6842.48
6842.48
6793.43
6793.43
6793.43
6793.43
6793.43
6793.43
6793.43
6793.43
6793.43
6793.43
6793.43
6793.43
6744.38
6744.38
6744.38
6744.38
6744.38
6744.38
6744.38
6744.38
6744.38
6744.38
6744.38
6744.38
6695.33
6695.33
6695.33
6695.33
6695.33
6695.33
6695.33
6695.33
6695.33
6695.33
6695.33
6695.33
6646.28
6646.28
6646.28
6646.28
6646.28
6646.28
6646.28
6646.28
6646.28
6646.28
6646.28
6646.28
6597.23
6597.23
6597.23
6597.23
6597.23
6597.23
6597.23
6597.23
6597.23
6597.23
6597.23
6597.23
6548.18
6548.18
6548.18
6548.18
6548.18
6548.18
6548.18
6548.18
6548.18
6548.18
6548.18
6548.18
6499.12
6499.12
6499.12
6499.12
6499.12
6499.12
6499.12
6499.12
6499.12
6499.12
6499.12
6499.12
6450.08
6450.08
6450.08
6450.08
6450.08
6450.08
6450.08
6450.08
6450.08
6450.08
6450.08
6450.08
6401.03
6401.03
6401.03
6401.03
6401.03
6401.03
6401.03
6401.03
6401.03
6401.03
6401.03
6401.03
6351.98
6351.98
6351.98
6351.98
6351.98
6351.98
6351.98
6351.98
6351.98
6351.98
6351.98
6351.98
6302.93
6302.93
6302.93
6302.93
6302.93
6302.93
6302.93
6302.93
6302.93
6302.93
6302.93
6302.93
6253.88
6253.88
6253.88
6253.88
6253.88
6253.88
6253.88
6253.88
6253.88
6253.88
6253.88
6253.88
6204.83
6204.83
6204.83
6204.83
6204.83
6204.83
6204.83
6204.83
6204.83
6204.83
6204.83
6204.83
6155.78
6155.78
6155.78
6155.78
6155.78
6155.78
6155.78
6155.78
6155.78
6155.78
6155.78
6155.78
6106.73
6106.73
6106.73
6106.73
6106.73
6106.73
6106.73
6106.73
6106.73
6106.73
6106.73
6106.73
6057.67
6057.67
6057.67
6057.67
6057.67
6057.67
6057.67
6057.67
6057.67
6057.67
6057.67
6057.67
6008.62
6008.62
6008.62
6008.62
6008.62
6008.62
6008.62
6008.62
6008.62
6008.62
6008.62
6008.62
5959.57
5959.57
5959.57
5959.57
5959.57
5959.57
5959.57
5959.57
5959.57
5959.57
5959.57
5959.57
5910.53
5910.53
5910.53
5910.53
5910.53
5910.53
5910.53
5910.53
5910.53
5910.53
5910.53
5910.53
5861.47
5861.47
5861.47
5861.47
5861.47
5861.47
5861.47
5861.47
5861.47
5861.47
5861.47
5861.47
5812.43
5812.43
5812.43
5812.43
5812.43
5812.43
5812.43
5812.43
5812.43
5812.43
5812.43
5812.43
5763.37
5763.37
5763.37
5763.37
5763.37
5763.37
5763.37
5763.37
5763.37
5763.37
5763.37
5763.37
5714.33
5714.33
5714.33
5714.33
5714.33
5714.33
5714.33
5714.33
5714.33
5714.33
5714.33
5714.33
5665.28
5665.28
5665.28
5665.28
5665.28
5665.28
5665.28
5665.28
5665.28
5665.28
5665.28
5665.28
5616.23
5616.23
5616.23
5616.23
5616.23
5616.23
5616.23
5616.23
5616.23
5616.23
5616.23
5616.23
5567.18
5567.18
5567.18
5567.18
5567.18
5567.18
5567.18
5567.18
5567.18
5567.18
5567.18
5567.18
5518.12
5518.12
5518.12
5518.12
5518.12
5518.12
5518.12
5518.12
5518.12
5518.12
5518.12
5518.12
5469.08
5469.08
5469.08
5469.08
5469.08
5469.08
5469.08
5469.08
5469.08
5469.08
5469.08
5469.08
5420.03
5420.03
5420.03
5420.03
5420.03
5420.03
5420.03
5420.03
5420.03
5420.03
5420.03
5420.03
5370.98
5370.98
5370.98
5370.98
5370.98
5370.98
5370.98
5370.98
5370.98
5370.98
5370.98
5370.98
5321.93
5321.93
5321.93
5321.93
5321.93
5321.93
5321.93
5321.93
5321.93
5321.93
5321.93
5321.93
5272.88
5272.88
5272.88
5272.88
5272.88
5272.88
5272.88
5272.88
5272.88
5272.88
5272.88
5272.88
5223.82
5223.82
5223.82
5223.82
5223.82
5223.82
5223.82
5223.82
5223.82
5223.82
5223.82
5223.82
5174.78
5174.78
5174.78
5174.78
5174.78
5174.78
5174.78
5174.78
5174.78
5174.78
5174.78
5174.78
5125.73
5125.73
5125.73
5125.73
5125.73
5125.73
5125.73
5125.73
5125.73
5125.73
5125.73
5125.73
5076.68
5076.68
5076.68
5076.68
5076.68
5076.68
5076.68
5076.68
5076.68
5076.68
5076.68
5076.68
5027.62
5027.62
5027.62
5027.62
5027.62
5027.62
5027.62
5027.62
5027.62
5027.62
5027.62
5027.62
4978.58
4978.58
4978.58
4978.58
4978.58
4978.58
4978.58
4978.58
4978.58
4978.58
4978.58
4978.58
4929.52
4929.52
4929.52
4929.52
4929.52
4929.52
4929.52
4929.52
4929.52
4929.52
4929.52
4929.52
4880.48
4880.48
4880.48
4880.48
4880.48
4880.48
4880.48
4880.48
4880.48
4880.48
4880.48
4880.48
4831.43
4831.43
4831.43
4831.43
4831.43
4831.43
4831.43
4831.43
4831.43
4831.43
4831.43
4831.43
4782.38
4782.38
4782.38
4782.38
4782.38
4782.38
4782.38
4782.38
4782.38
4782.38
4782.38
4782.38
4733.33
4733.33
4733.33
4733.33
4733.33
4733.33
4733.33
4733.33
4733.33
4733.33
4733.33
4733.33
4684.28
4684.28
4684.28
4684.28
4684.28
4684.28
4684.28
4684.28
4684.28
4684.28
4684.28
4684.28
4635.23
4635.23
4635.23
4635.23
4635.23
4635.23
4635.23
4635.23
4635.23
4635.23
4635.23
4635.23
4586.18
4586.18
4586.18
4586.18
4586.18
4586.18
4586.18
4586.18
4586.18
4586.18
4586.18
4586.18
4537.12
4537.12
4537.12
4537.12
4537.12
4537.12
4537.12
4537.12
4537.12
4537.12
4537.12
4537.12
4488.07
4488.07
4488.07
4488.07
4488.07
4488.07
4488.07
4488.07
4488.07
4488.07
4488.07
4488.07
4439.03
4439.03
4439.03
4439.03
4439.03
4439.03
4439.03
4439.03
4439.03
4439.03
4439.03
4439.03
4389.98
4389.98
4389.98
4389.98
4389.98
4389.98
4389.98
4389.98
4389.98
4389.98
4389.98
4389.98
4340.93
4340.93
4340.93
4340.93
4340.93
4340.93
4340.93
4340.93
4340.93
4340.93
4340.93
4340.93
4291.88
4291.88
4291.88
4291.88
4291.88
4291.88
4291.88
4291.88
4291.88
4291.88
4291.88
4291.88
4242.82
4242.82
4242.82
4242.82
4242.82
4242.82
4242.82
4242.82
4242.82
4242.82
4242.82
4242.82
4193.78
4193.78
4193.78
4193.78
4193.78
4193.78
4193.78
4193.78
4193.78
4193.78
4193.78
4193.78
4144.73
4144.73
4144.73
4144.73
4144.73
4144.73
4144.73
4144.73
4144.73
4144.73
4144.73
4144.73
4095.68
4095.68
4095.68
4095.68
4095.68
4095.68
4095.68
4095.68
4095.68
4095.68
4095.68
4095.68
4046.63
4046.63
4046.63
4046.63
4046.63
4046.63
4046.63
4046.63
4046.63
4046.63
4046.63
4046.63
3997.58
3997.58
3997.58
3997.58
3997.58
3997.58
3997.58
3997.58
3997.58
3997.58
3997.58
3997.58
3948.53
3948.53
3948.53
3948.53
3948.53
3948.53
3948.53
3948.53
3948.53
3948.53
3948.53
3948.53
3899.48
3899.48
3899.48
3899.48
3899.48
3899.48
3899.48
3899.48
3899.48
3899.48
3899.48
3899.48
3850.43
3850.43
3850.43
3850.43
3850.43
3850.43
3850.43
3850.43
3850.43
3850.43
3850.43
3850.43
3801.38
3801.38
3801.38
3801.38
3801.38
3801.38
3801.38
3801.38
3801.38
3801.38
3801.38
3801.38
3752.33
3752.33
3752.33
3752.33
3752.33
3752.33
3752.33
3752.33
3752.33
3752.33
3752.33
3752.33
3703.28
3703.28
3703.28
3703.28
3703.28
3703.28
3703.28
3703.28
3703.28
3703.28
3703.28
3703.28
3654.23
3654.23
3654.23
3654.23
3654.23
3654.23
3654.23
3654.23
3654.23
3654.23
3654.23
3654.23
3605.18
3605.18
3605.18
3605.18
3605.18
3605.18
3605.18
3605.18
3605.18
3605.18
3605.18
3605.18
3556.13
3556.13
3556.13
3556.13
3556.13
3556.13
3556.13
3556.13
3556.13
3556.13
3556.13
3556.13
3507.08
3507.08
3507.08
3507.08
3507.08
3507.08
3507.08
3507.08
3507.08
3507.08
3507.08
3507.08
3458.03
3458.03
3458.03
3458.03
3458.03
3458.03
3458.03
3458.03
3458.03
3458.03
3458.03
3458.03
3408.98
3408.98
3408.98
3408.98
3408.98
3408.98
3408.98
3408.98
3408.98
3408.98
3408.98
3408.98
3359.93
3359.93
3359.93
3359.93
3359.93
3359.93
3359.93
3359.93
3359.93
3359.93
3359.93
3359.93
3310.88
3310.88
3310.88
3310.88
3310.88
3310.88
3310.88
3310.88
3310.88
3310.88
3310.88
3310.88
3261.83
3261.83
3261.83
3261.83
3261.83
3261.83
3261.83
3261.83
3261.83
3261.83
3261.83
3261.83
3212.78
3212.78
3212.78
3212.78
3212.78
3212.78
3212.78
3212.78
3212.78
3212.78
3212.78
3212.78
3163.73
3163.73
3163.73
3163.73
3163.73
3163.73
3163.73
3163.73
3163.73
3163.73
3163.73
3163.73
3114.68
3114.68
3114.68
3114.68
3114.68
3114.68
3114.68
3114.68
3114.68
3114.68
3114.68
3114.68
3065.62
3065.62
3065.62
3065.62
3065.62
3065.62
3065.62
3065.62
3065.62
3065.62
3065.62
3065.62
3016.58
3016.58
3016.58
3016.58
3016.58
3016.58
3016.58
3016.58
3016.58
3016.58
3016.58
3016.58
2967.53
2967.53
2967.53
2967.53
2967.53
2967.53
2967.53
2967.53
2967.53
2967.53
2967.53
2967.53
2918.48
2918.48
2918.48
2918.48
2918.48
2918.48
2918.48
2918.48
2918.48
2918.48
2918.48
2918.48
2869.43
2869.43
2869.43
2869.43
2869.43
2869.43
2869.43
2869.43
2869.43
2869.43
2869.43
2869.43
2820.38
2820.38
2820.38
2820.38
2820.38
2820.38
2820.38
2820.38
2820.38
2820.38
2820.38
2820.38
2771.33
2771.33
2771.33
2771.33
2771.33
2771.33
2771.33
2771.33
2771.33
2771.33
2771.33
2771.33
2722.28
2722.28
2722.28
2722.28
2722.28
2722.28
2722.28
2722.28
2722.28
2722.28
2722.28
2722.28
2673.23
2673.23
2673.23
2673.23
2673.23
2673.23
2673.23
2673.23
2673.23
2673.23
2673.23
2673.23
2624.18
2624.18
2624.18
2624.18
2624.18
2624.18
2624.18
2624.18
2624.18
2624.18
2624.18
2624.18
2575.13
2575.13
2575.13
2575.13
2575.13
2575.13
2575.13
2575.13
2575.13
2575.13
2575.13
2575.13
2526.08
2526.08
2526.08
2526.08
2526.08
2526.08
2526.08
2526.08
2526.08
2526.08
2526.08
2526.08
2477.03
2477.03
2477.03
2477.03
2477.03
2477.03
2477.03
2477.03
2477.03
2477.03
2477.03
2477.03
2427.98
2427.98
2427.98
2427.98
2427.98
2427.98
2427.98
2427.98
2427.98
2427.98
2427.98
2427.98
2378.93
2378.93
2378.93
2378.93
2378.93
2378.93
2378.93
2378.93
2378.93
2378.93
2378.93
2378.93
2329.88
2329.88
2329.88
2329.88
2329.88
2329.88
2329.88
2329.88
2329.88
2329.88
2329.88
2329.88
2280.83
2280.83
2280.83
2280.83
2280.83
2280.83
2280.83
2280.83
2280.83
2280.83
2280.83
2280.83
2231.78
2231.78
2231.78
2231.78
2231.78
2231.78
2231.78
2231.78
2231.78
2231.78
2231.78
2231.78
2182.73
2182.73
2182.73
2182.73
2182.73
2182.73
2182.73
2182.73
2182.73
2182.73
2182.73
2182.73
2133.68
2133.68
2133.68
2133.68
2133.68
2133.68
2133.68
2133.68
2133.68
2133.68
2133.68
2133.68
2084.63
2084.63
2084.63
2084.63
2084.63
2084.63
2084.63
2084.63
2084.63
2084.63
2084.63
2084.63
2035.58
2035.58
2035.58
2035.58
2035.58
2035.58
2035.58
2035.58
2035.58
2035.58
2035.58
2035.58
1986.53
1986.53
1986.53
1986.53
1986.53
1986.53
1986.53
1986.53
1986.53
1986.53
1986.53
1986.53
1937.48
1937.48
1937.48
1937.48
1937.48
1937.48
1937.48
1937.48
1937.48
1937.48
1937.48
1937.48
1888.43
1888.43
1888.43
1888.43
1888.43
1888.43
1888.43
1888.43
1888.43
1888.43
1888.43
1888.43
1839.38
1839.38
1839.38
1839.38
1839.38
1839.38
1839.38
1839.38
1839.38
1839.38
1839.38
1839.38
1790.33
1790.33
1790.33
1790.33
1790.33
1790.33
1790.33
1790.33
1790.33
1790.33
1790.33
1790.33
1741.28
1741.28
1741.28
1741.28
1741.28
1741.28
1741.28
1741.28
1741.28
1741.28
1741.28
1741.28
1692.23
1692.23
1692.23
1692.23
1692.23
1692.23
1692.23
1692.23
1692.23
1692.23
1692.23
1692.23
1643.17
1643.17
1643.17
1643.17
1643.17
1643.17
1643.17
1643.17
1643.17
1643.17
1643.17
1643.17
1594.13
1594.13
1594.13
1594.13
1594.13
1594.13
1594.13
1594.13
1594.13
1594.13
1594.13
1594.13
1545.08
1545.08
1545.08
1545.08
1545.08
1545.08
1545.08
1545.08
1545.08
1545.08
1545.08
1545.08
1496.03
1496.03
1496.03
1496.03
1496.03
1496.03
1496.03
1496.03
1496.03
1496.03
1496.03
1496.03
1446.98
1446.98
1446.98
1446.98
1446.98
1446.98
1446.98
1446.98
1446.98
1446.98
1446.98
1446.98
1397.93
1397.93
1397.93
1397.93
1397.93
1397.93
1397.93
1397.93
1397.93
1397.93
1397.93
1397.93
1348.88
1348.88
1348.88
1348.88
1348.88
1348.88
1348.88
1348.88
1348.88
1348.88
1348.88
1348.88
1299.83
1299.83
1299.83
1299.83
1299.83
1299.83
1299.83
1299.83
1299.83
1299.83
1299.83
1299.83
1250.78
1250.78
1250.78
1250.78
1250.78
1250.78
1250.78
1250.78
1250.78
1250.78
1250.78
1250.78
1201.73
1201.73
1201.73
1201.73
1201.73
1201.73
1201.73
1201.73
1201.73
1201.73
1201.73
1201.73
1152.68
1152.68
1152.68
1152.68
1152.68
1152.68
1152.68
1152.68
1152.68
1152.68
1152.68
1152.68
1103.63
1103.63
1103.63
1103.63
1103.63
1103.63
1103.63
1103.63
1103.63
1103.63
1103.63
1103.63
1054.58
1054.58
1054.58
1054.58
1054.58
1054.58
1054.58
1054.58
1054.58
1054.58
1054.58
1054.58
1005.53
1005.53
1005.53
1005.53
1005.53
1005.53
1005.53
1005.53
1005.53
1005.53
1005.53
1005.53
956.475
956.475
956.475
956.475
956.475
956.475
956.475
956.475
956.475
956.475
956.475
956.475
907.425
907.425
907.425
907.425
907.425
907.425
907.425
907.425
907.425
907.425
907.425
907.425
858.375
858.375
858.375
858.375
858.375
858.375
858.375
858.375
858.375
858.375
858.375
858.375
809.325
809.325
809.325
809.325
809.325
809.325
809.325
809.325
809.325
809.325
809.325
809.325
760.275
760.275
760.275
760.275
760.275
760.275
760.275
760.275
760.275
760.275
760.275
760.275
711.225
711.225
711.225
711.225
711.225
711.225
711.225
711.225
711.225
711.225
711.225
711.225
662.175
662.175
662.175
662.175
662.175
662.175
662.175
662.175
662.175
662.175
662.175
662.175
613.125
613.125
613.125
613.125
613.125
613.125
613.125
613.125
613.125
613.125
613.125
613.125
564.075
564.075
564.075
564.075
564.075
564.075
564.075
564.075
564.075
564.075
564.075
564.075
515.025
515.025
515.025
515.025
515.025
515.025
515.025
515.025
515.025
515.025
515.025
515.025
465.975
465.975
465.975
465.975
465.975
465.975
465.975
465.975
465.975
465.975
465.975
465.975
416.925
416.925
416.925
416.925
416.925
416.925
416.925
416.925
416.925
416.925
416.925
416.925
367.875
367.875
367.875
367.875
367.875
367.875
367.875
367.875
367.875
367.875
367.875
367.875
318.825
318.825
318.825
318.825
318.825
318.825
318.825
318.825
318.825
318.825
318.825
318.825
269.775
269.775
269.775
269.775
269.775
269.775
269.775
269.775
269.775
269.775
269.775
269.775
220.725
220.725
220.725
220.725
220.725
220.725
220.725
220.725
220.725
220.725
220.725
220.725
171.675
171.675
171.675
171.675
171.675
171.675
171.675
171.675
171.675
171.675
171.675
171.675
122.625
122.625
122.625
122.625
122.625
122.625
122.625
122.625
122.625
122.625
122.625
122.625
73.575
73.575
73.575
73.575
73.575
73.575
73.575
73.575
73.575
73.575
73.575
73.575
24.525
24.525
24.525
24.525
24.525
24.525
24.525
24.525
24.525
24.525
24.525
24.525
