2400
-9785.48	-19571	-9785.48	0	0	0
-9785.48	-19571	-9785.48	0	0	0
-9785.48	-19571	-9785.48	0	0	0
-9785.48	-19571	-9785.48	0	0	0
-9785.48	-19571	-9785.48	0	0	0
-9785.48	-19571	-9785.48	0	0	0
-9785.48	-19571	-9785.48	0	0	0
-9785.48	-19571	-9785.48	0	0	0
-9785.48	-19571	-9785.48	0	0	0
-9785.48	-19571	-9785.48	0	0	0
-9785.48	-19571	-9785.48	0	0	0
-9785.48	-19571	-9785.48	0	0	0
-9736.43	-19472.9	-9736.43	0	0	0
-9736.43	-19472.9	-9736.43	0	0	0
-9736.43	-19472.9	-9736.43	0	0	0
-9736.43	-19472.9	-9736.43	0	0	0
-9736.43	-19472.9	-9736.43	0	0	0
-9736.43	-19472.9	-9736.43	0	0	0
-9736.43	-19472.9	-9736.43	0	0	0
-9736.43	-19472.9	-9736.43	0	0	0
-9736.43	-19472.9	-9736.43	0	0	0
-9736.43	-19472.9	-9736.43	0	0	0
-9736.43	-19472.9	-9736.43	0	0	0
-9736.43	-19472.9	-9736.43	0	0	0
-9687.38	-19374.8	-9687.38	0	0	0
-9687.38	-19374.8	-9687.38	0	0	0
-9687.38	-19374.8	-9687.38	0	0	0
-9687.38	-19374.8	-9687.38	0	0	0
-9687.38	-19374.8	-9687.38	0	0	0
-9687.38	-19374.8	-9687.38	0	0	0
-9687.38	-19374.8	-9687.38	0	0	0
-9687.38	-19374.8	-9687.38	0	0	0
-9687.38	-19374.8	-9687.38	0	0	0
-9687.38	-19374.8	-9687.38	0	0	0
-9687.38	-19374.8	-9687.38	0	0	0
-9687.38	-19374.8	-9687.38	0	0	0
-9638.33	-19276.7	-9638.33	0	0	0
-9638.33	-19276.7	-9638.33	0	0	0
-9638.33	-19276.7	-9638.33	0	0	0
-9638.33	-19276.7	-9638.33	0	0	0
-9638.33	-19276.7	-9638.33	0	0	0
-9638.33	-19276.7	-9638.33	0	0	0
-9638.33	-19276.7	-9638.33	0	0	0
-9638.33	-19276.7	-9638.33	0	0	0
-9638.33	-19276.7	-9638.33	0	0	0
-9638.33	-19276.7	-9638.33	0	0	0
-9638.33	-19276.7	-9638.33	0	0	0
-9638.33	-19276.7	-9638.33	0	0	0
-9589.27	-19178.5	-9589.27	0	0	0
-9589.27	-19178.5	-9589.27	0	0	0
-9589.27	-19178.5	-9589.27	0	0	0
-9589.27	-19178.5	-9589.27	0	0	0
-9589.27	-19178.5	-9589.27	0	0	0
-9589.27	-19178.5	-9589.27	0	0	0
-9589.27	-19178.5	-9589.27	0	0	0
-9589.27	-19178.5	-9589.27	0	0	0
-9589.27	-19178.5	-9589.27	0	0	0
-9589.27	-19178.5	-9589.27	0	0	0
-9589.27	-19178.5	-9589.27	0	0	0
-9589.27	-19178.5	-9589.27	0	0	0
-9540.23	-19080.5	-9540.23	0	0	0
-9540.23	-19080.5	-9540.23	0	0	0
-9540.23	-19080.5	-9540.23	0	0	0
-9540.23	-19080.5	-9540.23	0	0	0
-9540.23	-19080.5	-9540.23	0	0	0
-9540.23	-19080.5	-9540.23	0	0	0
-9540.23	-19080.5	-9540.23	0	0	0
-9540.23	-19080.5	-9540.23	0	0	0
-9540.23	-19080.5	-9540.23	0	0	0
-9540.23	-19080.5	-9540.23	0	0	0
-9540.23	-19080.5	-9540.23	0	0	0
-9540.23	-19080.5	-9540.23	0	0	0
-9491.18	-18982.4	-9491.18	0	0	0
-9491.18	-18982.4	-9491.18	0	0	0
-9491.18	-18982.4	-9491.18	0	0	0
-9491.18	-18982.4	-9491.18	0	0	0
-9491.18	-18982.4	-9491.18	0	0	0
-9491.18	-18982.4	-9491.18	0	0	0
-9491.18	-18982.4	-9491.18	0	0	0
-9491.18	-18982.4	-9491.18	0	0	0
-9491.18	-18982.4	-9491.18	0	0	0
-9491.18	-18982.4	-9491.18	0	0	0
-9491.18	-18982.4	-9491.18	0	0	0
-9491.18	-18982.4	-9491.18	0	0	0
-9442.12	-18884.2	-9442.12	0	0	0
-9442.12	-18884.2	-9442.12	0	0	0
-9442.12	-18884.2	-9442.12	0	0	0
-9442.12	-18884.2	-9442.12	0	0	0
-9442.12	-18884.2	-9442.12	0	0	0
-9442.12	-18884.2	-9442.12	0	0	0
-9442.12	-18884.2	-9442.12	0	0	0
-9442.12	-18884.2	-9442.12	0	0	0
-9442.12	-18884.2	-9442.12	0	0	0
-9442.12	-18884.2	-9442.12	0	0	0
-9442.12	-18884.2	-9442.12	0	0	0
-9442.12	-18884.2	-9442.12	0	0	0
-9393.08	-18786.2	-9393.08	0	0	0
-9393.08	-18786.2	-9393.08	0	0	0
-9393.08	-18786.2	-9393.08	0	0	0
-9393.08	-18786.2	-9393.08	0	0	0
-9393.08	-18786.2	-9393.08	0	0	0
-9393.08	-18786.2	-9393.08	0	0	0
-9393.08	-18786.2	-9393.08	0	0	0
-9393.08	-18786.2	-9393.08	0	0	0
-9393.08	-18786.2	-9393.08	0	0	0
-9393.08	-18786.2	-9393.08	0	0	0
-9393.08	-18786.2	-9393.08	0	0	0
-9393.08	-18786.2	-9393.08	0	0	0
-9344.02	-18688	-9344.02	0	0	0
-9344.02	-18688	-9344.02	0	0	0
-9344.02	-18688	-9344.02	0	0	0
-9344.02	-18688	-9344.02	0	0	0
-9344.02	-18688	-9344.02	0	0	0
-9344.02	-18688	-9344.02	0	0	0
-9344.02	-18688	-9344.02	0	0	0
-9344.02	-18688	-9344.02	0	0	0
-9344.02	-18688	-9344.02	0	0	0
-9344.02	-18688	-9344.02	0	0	0
-9344.02	-18688	-9344.02	0	0	0
-9344.02	-18688	-9344.02	0	0	0
-9294.98	-18590	-9294.98	0	0	0
-9294.98	-18590	-9294.98	0	0	0
-9294.98	-18590	-9294.98	0	0	0
-9294.98	-18590	-9294.98	0	0	0
-9294.98	-18590	-9294.98	0	0	0
-9294.98	-18590	-9294.98	0	0	0
-9294.98	-18590	-9294.98	0	0	0
-9294.98	-18590	-9294.98	0	0	0
-9294.98	-18590	-9294.98	0	0	0
-9294.98	-18590	-9294.98	0	0	0
-9294.98	-18590	-9294.98	0	0	0
-9294.98	-18590	-9294.98	0	0	0
-9245.93	-18491.9	-9245.93	0	0	0
-9245.93	-18491.9	-9245.93	0	0	0
-9245.93	-18491.9	-9245.93	0	0	0
-9245.93	-18491.9	-9245.93	0	0	0
-9245.93	-18491.9	-9245.93	0	0	0
-9245.93	-18491.9	-9245.93	0	0	0
-9245.93	-18491.9	-9245.93	0	0	0
-9245.93	-18491.9	-9245.93	0	0	0
-9245.93	-18491.9	-9245.93	0	0	0
-9245.93	-18491.9	-9245.93	0	0	0
-9245.93	-18491.9	-9245.93	0	0	0
-9245.93	-18491.9	-9245.93	0	0	0
-9196.88	-18393.8	-9196.88	0	0	0
-9196.88	-18393.8	-9196.88	0	0	0
-9196.88	-18393.8	-9196.88	0	0	0
-9196.88	-18393.8	-9196.88	0	0	0
-9196.88	-18393.8	-9196.88	0	0	0
-9196.88	-18393.8	-9196.88	0	0	0
-9196.88	-18393.8	-9196.88	0	0	0
-9196.88	-18393.8	-9196.88	0	0	0
-9196.88	-18393.8	-9196.88	0	0	0
-9196.88	-18393.8	-9196.88	0	0	0
-9196.88	-18393.8	-9196.88	0	0	0
-9196.88	-18393.8	-9196.88	0	0	0
-9147.83	-18295.7	-9147.83	0	0	0
-9147.83	-18295.7	-9147.83	0	0	0
-9147.83	-18295.7	-9147.83	0	0	0
-9147.83	-18295.7	-9147.83	0	0	0
-9147.83	-18295.7	-9147.83	0	0	0
-9147.83	-18295.7	-9147.83	0	0	0
-9147.83	-18295.7	-9147.83	0	0	0
-9147.83	-18295.7	-9147.83	0	0	0
-9147.83	-18295.7	-9147.83	0	0	0
-9147.83	-18295.7	-9147.83	0	0	0
-9147.83	-18295.7	-9147.83	0	0	0
-9147.83	-18295.7	-9147.83	0	0	0
-9098.77	-18197.5	-9098.77	0	0	0
-9098.77	-18197.5	-9098.77	0	0	0
-9098.77	-18197.5	-9098.77	0	0	0
-9098.77	-18197.5	-9098.77	0	0	0
-9098.77	-18197.5	-9098.77	0	0	0
-9098.77	-18197.5	-9098.77	0	0	0
-9098.77	-18197.5	-9098.77	0	0	0
-9098.77	-18197.5	-9098.77	0	0	0
-9098.77	-18197.5	-9098.77	0	0	0
-9098.77	-18197.5	-9098.77	0	0	0
-9098.77	-18197.5	-9098.77	0	0	0
-9098.77	-18197.5	-9098.77	0	0	0
-9049.73	-18099.5	-9049.73	0	0	0
-9049.73	-18099.5	-9049.73	0	0	0
-9049.73	-18099.5	-9049.73	0	0	0
-9049.73	-18099.5	-9049.73	0	0	0
-9049.73	-18099.5	-9049.73	0	0	0
-9049.73	-18099.5	-9049.73	0	0	0
-9049.73	-18099.5	-9049.73	0	0	0
-9049.73	-18099.5	-9049.73	0	0	0
-9049.73	-18099.5	-9049.73	0	0	0
-9049.73	-18099.5	-9049.73	0	0	0
-9049.73	-18099.5	-9049.73	0	0	0
-9049.73	-18099.5	-9049.73	0	0	0
-9000.68	-18001.4	-9000.68	0	0	0
-9000.68	-18001.4	-9000.68	0	0	0
-9000.68	-18001.4	-9000.68	0	0	0
-9000.68	-18001.4	-9000.68	0	0	0
-9000.68	-18001.4	-9000.68	0	0	0
-9000.68	-18001.4	-9000.68	0	0	0
-9000.68	-18001.4	-9000.68	0	0	0
-9000.68	-18001.4	-9000.68	0	0	0
-9000.68	-18001.4	-9000.68	0	0	0
-9000.68	-18001.4	-9000.68	0	0	0
-9000.68	-18001.4	-9000.68	0	0	0
-9000.68	-18001.4	-9000.68	0	0	0
-8951.62	-17903.2	-8951.62	0	0	0
-8951.62	-17903.2	-8951.62	0	0	0
-8951.62	-17903.2	-8951.62	0	0	0
-8951.62	-17903.2	-8951.62	0	0	0
-8951.62	-17903.2	-8951.62	0	0	0
-8951.62	-17903.2	-8951.62	0	0	0
-8951.62	-17903.2	-8951.62	0	0	0
-8951.62	-17903.2	-8951.62	0	0	0
-8951.62	-17903.2	-8951.62	0	0	0
-8951.62	-17903.2	-8951.62	0	0	0
-8951.62	-17903.2	-8951.62	0	0	0
-8951.62	-17903.2	-8951.62	0	0	0
-8902.58	-17805.2	-8902.58	0	0	0
-8902.58	-17805.2	-8902.58	0	0	0
-8902.58	-17805.2	-8902.58	0	0	0
-8902.58	-17805.2	-8902.58	0	0	0
-8902.58	-17805.2	-8902.58	0	0	0
-8902.58	-17805.2	-8902.58	0	0	0
-8902.58	-17805.2	-8902.58	0	0	0
-8902.58	-17805.2	-8902.58	0	0	0
-8902.58	-17805.2	-8902.58	0	0	0
-8902.58	-17805.2	-8902.58	0	0	0
-8902.58	-17805.2	-8902.58	0	0	0
-8902.58	-17805.2	-8902.58	0	0	0
-8853.52	-17707	-8853.52	0	0	0
-8853.52	-17707	-8853.52	0	0	0
-8853.52	-17707	-8853.52	0	0	0
-8853.52	-17707	-8853.52	0	0	0
-8853.52	-17707	-8853.52	0	0	0
-8853.52	-17707	-8853.52	0	0	0
-8853.52	-17707	-8853.52	0	0	0
-8853.52	-17707	-8853.52	0	0	0
-8853.52	-17707	-8853.52	0	0	0
-8853.52	-17707	-8853.52	0	0	0
-8853.52	-17707	-8853.52	0	0	0
-8853.52	-17707	-8853.52	0	0	0
-8804.48	-17609	-8804.48	0	0	0
-8804.48	-17609	-8804.48	0	0	0
-8804.48	-17609	-8804.48	0	0	0
-8804.48	-17609	-8804.48	0	0	0
-8804.48	-17609	-8804.48	0	0	0
-8804.48	-17609	-8804.48	0	0	0
-8804.48	-17609	-8804.48	0	0	0
-8804.48	-17609	-8804.48	0	0	0
-8804.48	-17609	-8804.48	0	0	0
-8804.48	-17609	-8804.48	0	0	0
-8804.48	-17609	-8804.48	0	0	0
-8804.48	-17609	-8804.48	0	0	0
-8755.43	-17510.9	-8755.43	0	0	0
-8755.43	-17510.9	-8755.43	0	0	0
-8755.43	-17510.9	-8755.43	0	0	0
-8755.43	-17510.9	-8755.43	0	0	0
-8755.43	-17510.9	-8755.43	0	0	0
-8755.43	-17510.9	-8755.43	0	0	0
-8755.43	-17510.9	-8755.43	0	0	0
-8755.43	-17510.9	-8755.43	0	0	0
-8755.43	-17510.9	-8755.43	0	0	0
-8755.43	-17510.9	-8755.43	0	0	0
-8755.43	-17510.9	-8755.43	0	0	0
-8755.43	-17510.9	-8755.43	0	0	0
-8706.38	-17412.8	-8706.38	0	0	0
-8706.38	-17412.8	-8706.38	0	0	0
-8706.38	-17412.8	-8706.38	0	0	0
-8706.38	-17412.8	-8706.38	0	0	0
-8706.38	-17412.8	-8706.38	0	0	0
-8706.38	-17412.8	-8706.38	0	0	0
-8706.38	-17412.8	-8706.38	0	0	0
-8706.38	-17412.8	-8706.38	0	0	0
-8706.38	-17412.8	-8706.38	0	0	0
-8706.38	-17412.8	-8706.38	0	0	0
-8706.38	-17412.8	-8706.38	0	0	0
-8706.38	-17412.8	-8706.38	0	0	0
-8657.33	-17314.7	-8657.33	0	0	0
-8657.33	-17314.7	-8657.33	0	0	0
-8657.33	-17314.7	-8657.33	0	0	0
-8657.33	-17314.7	-8657.33	0	0	0
-8657.33	-17314.7	-8657.33	0	0	0
-8657.33	-17314.7	-8657.33	0	0	0
-8657.33	-17314.7	-8657.33	0	0	0
-8657.33	-17314.7	-8657.33	0	0	0
-8657.33	-17314.7	-8657.33	0	0	0
-8657.33	-17314.7	-8657.33	0	0	0
-8657.33	-17314.7	-8657.33	0	0	0
-8657.33	-17314.7	-8657.33	0	0	0
-8608.27	-17216.5	-8608.27	0	0	0
-8608.27	-17216.5	-8608.27	0	0	0
-8608.27	-17216.5	-8608.27	0	0	0
-8608.27	-17216.5	-8608.27	0	0	0
-8608.27	-17216.5	-8608.27	0	0	0
-8608.27	-17216.5	-8608.27	0	0	0
-8608.27	-17216.5	-8608.27	0	0	0
-8608.27	-17216.5	-8608.27	0	0	0
-8608.27	-17216.5	-8608.27	0	0	0
-8608.27	-17216.5	-8608.27	0	0	0
-8608.27	-17216.5	-8608.27	0	0	0
-8608.27	-17216.5	-8608.27	0	0	0
-8559.23	-17118.5	-8559.23	0	0	0
-8559.23	-17118.5	-8559.23	0	0	0
-8559.23	-17118.5	-8559.23	0	0	0
-8559.23	-17118.5	-8559.23	0	0	0
-8559.23	-17118.5	-8559.23	0	0	0
-8559.23	-17118.5	-8559.23	0	0	0
-8559.23	-17118.5	-8559.23	0	0	0
-8559.23	-17118.5	-8559.23	0	0	0
-8559.23	-17118.5	-8559.23	0	0	0
-8559.23	-17118.5	-8559.23	0	0	0
-8559.23	-17118.5	-8559.23	0	0	0
-8559.23	-17118.5	-8559.23	0	0	0
-8510.17	-17020.3	-8510.17	0	0	0
-8510.17	-17020.3	-8510.17	0	0	0
-8510.17	-17020.3	-8510.17	0	0	0
-8510.17	-17020.3	-8510.17	0	0	0
-8510.17	-17020.3	-8510.17	0	0	0
-8510.17	-17020.3	-8510.17	0	0	0
-8510.17	-17020.3	-8510.17	0	0	0
-8510.17	-17020.3	-8510.17	0	0	0
-8510.17	-17020.3	-8510.17	0	0	0
-8510.17	-17020.3	-8510.17	0	0	0
-8510.17	-17020.3	-8510.17	0	0	0
-8510.17	-17020.3	-8510.17	0	0	0
-8461.12	-16922.2	-8461.12	0	0	0
-8461.12	-16922.2	-8461.12	0	0	0
-8461.12	-16922.2	-8461.12	0	0	0
-8461.12	-16922.2	-8461.12	0	0	0
-8461.12	-16922.2	-8461.12	0	0	0
-8461.12	-16922.2	-8461.12	0	0	0
-8461.12	-16922.2	-8461.12	0	0	0
-8461.12	-16922.2	-8461.12	0	0	0
-8461.12	-16922.2	-8461.12	0	0	0
-8461.12	-16922.2	-8461.12	0	0	0
-8461.12	-16922.2	-8461.12	0	0	0
-8461.12	-16922.2	-8461.12	0	0	0
-8412.07	-16824.1	-8412.07	0	0	0
-8412.07	-16824.1	-8412.07	0	0	0
-8412.07	-16824.1	-8412.07	0	0	0
-8412.07	-16824.1	-8412.07	0	0	0
-8412.07	-16824.1	-8412.07	0	0	0
-8412.07	-16824.1	-8412.07	0	0	0
-8412.07	-16824.1	-8412.07	0	0	0
-8412.07	-16824.1	-8412.07	0	0	0
-8412.07	-16824.1	-8412.07	0	0	0
-8412.07	-16824.1	-8412.07	0	0	0
-8412.07	-16824.1	-8412.07	0	0	0
-8412.07	-16824.1	-8412.07	0	0	0
-8363.02	-16726	-8363.02	0	0	0
-8363.02	-16726	-8363.02	0	0	0
-8363.02	-16726	-8363.02	0	0	0
-8363.02	-16726	-8363.02	0	0	0
-8363.02	-16726	-8363.02	0	0	0
-8363.02	-16726	-8363.02	0	0	0
-8363.02	-16726	-8363.02	0	0	0
-8363.02	-16726	-8363.02	0	0	0
-8363.02	-16726	-8363.02	0	0	0
-8363.02	-16726	-8363.02	0	0	0
-8363.02	-16726	-8363.02	0	0	0
-8363.02	-16726	-8363.02	0	0	0
-8313.98	-16628	-8313.98	0	0	0
-8313.98	-16628	-8313.98	0	0	0
-8313.98	-16628	-8313.98	0	0	0
-8313.98	-16628	-8313.98	0	0	0
-8313.98	-16628	-8313.98	0	0	0
-8313.98	-16628	-8313.98	0	0	0
-8313.98	-16628	-8313.98	0	0	0
-8313.98	-16628	-8313.98	0	0	0
-8313.98	-16628	-8313.98	0	0	0
-8313.98	-16628	-8313.98	0	0	0
-8313.98	-16628	-8313.98	0	0	0
-8313.98	-16628	-8313.98	0	0	0
-8264.93	-16529.9	-8264.93	0	0	0
-8264.93	-16529.9	-8264.93	0	0	0
-8264.93	-16529.9	-8264.93	0	0	0
-8264.93	-16529.9	-8264.93	0	0	0
-8264.93	-16529.9	-8264.93	0	0	0
-8264.93	-16529.9	-8264.93	0	0	0
-8264.93	-16529.9	-8264.93	0	0	0
-8264.93	-16529.9	-8264.93	0	0	0
-8264.93	-16529.9	-8264.93	0	0	0
-8264.93	-16529.9	-8264.93	0	0	0
-8264.93	-16529.9	-8264.93	0	0	0
-8264.93	-16529.9	-8264.93	0	0	0
-8215.88	-16431.8	-8215.88	0	0	0
-8215.88	-16431.8	-8215.88	0	0	0
-8215.88	-16431.8	-8215.88	0	0	0
-8215.88	-16431.8	-8215.88	0	0	0
-8215.88	-16431.8	-8215.88	0	0	0
-8215.88	-16431.8	-8215.88	0	0	0
-8215.88	-16431.8	-8215.88	0	0	0
-8215.88	-16431.8	-8215.88	0	0	0
-8215.88	-16431.8	-8215.88	0	0	0
-8215.88	-16431.8	-8215.88	0	0	0
-8215.88	-16431.8	-8215.88	0	0	0
-8215.88	-16431.8	-8215.88	0	0	0
-8166.83	-16333.7	-8166.83	0	0	0
-8166.83	-16333.7	-8166.83	0	0	0
-8166.83	-16333.7	-8166.83	0	0	0
-8166.83	-16333.7	-8166.83	0	0	0
-8166.83	-16333.7	-8166.83	0	0	0
-8166.83	-16333.7	-8166.83	0	0	0
-8166.83	-16333.7	-8166.83	0	0	0
-8166.83	-16333.7	-8166.83	0	0	0
-8166.83	-16333.7	-8166.83	0	0	0
-8166.83	-16333.7	-8166.83	0	0	0
-8166.83	-16333.7	-8166.83	0	0	0
-8166.83	-16333.7	-8166.83	0	0	0
-8117.78	-16235.6	-8117.78	0	0	0
-8117.78	-16235.6	-8117.78	0	0	0
-8117.78	-16235.6	-8117.78	0	0	0
-8117.78	-16235.6	-8117.78	0	0	0
-8117.78	-16235.6	-8117.78	0	0	0
-8117.78	-16235.6	-8117.78	0	0	0
-8117.78	-16235.6	-8117.78	0	0	0
-8117.78	-16235.6	-8117.78	0	0	0
-8117.78	-16235.6	-8117.78	0	0	0
-8117.78	-16235.6	-8117.78	0	0	0
-8117.78	-16235.6	-8117.78	0	0	0
-8117.78	-16235.6	-8117.78	0	0	0
-8068.73	-16137.5	-8068.73	0	0	0
-8068.73	-16137.5	-8068.73	0	0	0
-8068.73	-16137.5	-8068.73	0	0	0
-8068.73	-16137.5	-8068.73	0	0	0
-8068.73	-16137.5	-8068.73	0	0	0
-8068.73	-16137.5	-8068.73	0	0	0
-8068.73	-16137.5	-8068.73	0	0	0
-8068.73	-16137.5	-8068.73	0	0	0
-8068.73	-16137.5	-8068.73	0	0	0
-8068.73	-16137.5	-8068.73	0	0	0
-8068.73	-16137.5	-8068.73	0	0	0
-8068.73	-16137.5	-8068.73	0	0	0
-8019.68	-16039.4	-8019.68	0	0	0
-8019.68	-16039.4	-8019.68	0	0	0
-8019.68	-16039.4	-8019.68	0	0	0
-8019.68	-16039.4	-8019.68	0	0	0
-8019.68	-16039.4	-8019.68	0	0	0
-8019.68	-16039.4	-8019.68	0	0	0
-8019.68	-16039.4	-8019.68	0	0	0
-8019.68	-16039.4	-8019.68	0	0	0
-8019.68	-16039.4	-8019.68	0	0	0
-8019.68	-16039.4	-8019.68	0	0	0
-8019.68	-16039.4	-8019.68	0	0	0
-8019.68	-16039.4	-8019.68	0	0	0
-7970.62	-15941.2	-7970.62	0	0	0
-7970.62	-15941.2	-7970.62	0	0	0
-7970.62	-15941.2	-7970.62	0	0	0
-7970.62	-15941.2	-7970.62	0	0	0
-7970.62	-15941.2	-7970.62	0	0	0
-7970.62	-15941.2	-7970.62	0	0	0
-7970.62	-15941.2	-7970.62	0	0	0
-7970.62	-15941.2	-7970.62	0	0	0
-7970.62	-15941.2	-7970.62	0	0	0
-7970.62	-15941.2	-7970.62	0	0	0
-7970.62	-15941.2	-7970.62	0	0	0
-7970.62	-15941.2	-7970.62	0	0	0
-7921.58	-15843.2	-7921.58	0	0	0
-7921.58	-15843.2	-7921.58	0	0	0
-7921.58	-15843.2	-7921.58	0	0	0
-7921.58	-15843.2	-7921.58	0	0	0
-7921.58	-15843.2	-7921.58	0	0	0
-7921.58	-15843.2	-7921.58	0	0	0
-7921.58	-15843.2	-7921.58	0	0	0
-7921.58	-15843.2	-7921.58	0	0	0
-7921.58	-15843.2	-7921.58	0	0	0
-7921.58	-15843.2	-7921.58	0	0	0
-7921.58	-15843.2	-7921.58	0	0	0
-7921.58	-15843.2	-7921.58	0	0	0
-7872.53	-15745.1	-7872.53	0	0	0
-7872.53	-15745.1	-7872.53	0	0	0
-7872.53	-15745.1	-7872.53	0	0	0
-7872.53	-15745.1	-7872.53	0	0	0
-7872.53	-15745.1	-7872.53	0	0	0
-7872.53	-15745.1	-7872.53	0	0	0
-7872.53	-15745.1	-7872.53	0	0	0
-7872.53	-15745.1	-7872.53	0	0	0
-7872.53	-15745.1	-7872.53	0	0	0
-7872.53	-15745.1	-7872.53	0	0	0
-7872.53	-15745.1	-7872.53	0	0	0
-7872.53	-15745.1	-7872.53	0	0	0
-7823.48	-15647	-7823.48	0	0	0
-7823.48	-15647	-7823.48	0	0	0
-7823.48	-15647	-7823.48	0	0	0
-7823.48	-15647	-7823.48	0	0	0
-7823.48	-15647	-7823.48	0	0	0
-7823.48	-15647	-7823.48	0	0	0
-7823.48	-15647	-7823.48	0	0	0
-7823.48	-15647	-7823.48	0	0	0
-7823.48	-15647	-7823.48	0	0	0
-7823.48	-15647	-7823.48	0	0	0
-7823.48	-15647	-7823.48	0	0	0
-7823.48	-15647	-7823.48	0	0	0
-7774.43	-15548.9	-7774.43	0	0	0
-7774.43	-15548.9	-7774.43	0	0	0
-7774.43	-15548.9	-7774.43	0	0	0
-7774.43	-15548.9	-7774.43	0	0	0
-7774.43	-15548.9	-7774.43	0	0	0
-7774.43	-15548.9	-7774.43	0	0	0
-7774.43	-15548.9	-7774.43	0	0	0
-7774.43	-15548.9	-7774.43	0	0	0
-7774.43	-15548.9	-7774.43	0	0	0
-7774.43	-15548.9	-7774.43	0	0	0
-7774.43	-15548.9	-7774.43	0	0	0
-7774.43	-15548.9	-7774.43	0	0	0
-7725.38	-15450.8	-7725.38	0	0	0
-7725.38	-15450.8	-7725.38	0	0	0
-7725.38	-15450.8	-7725.38	0	0	0
-7725.38	-15450.8	-7725.38	0	0	0
-7725.38	-15450.8	-7725.38	0	0	0
-7725.38	-15450.8	-7725.38	0	0	0
-7725.38	-15450.8	-7725.38	0	0	0
-7725.38	-15450.8	-7725.38	0	0	0
-7725.38	-15450.8	-7725.38	0	0	0
-7725.38	-15450.8	-7725.38	0	0	0
-7725.38	-15450.8	-7725.38	0	0	0
-7725.38	-15450.8	-7725.38	0	0	0
-7676.33	-15352.7	-7676.33	0	0	0
-7676.33	-15352.7	-7676.33	0	0	0
-7676.33	-15352.7	-7676.33	0	0	0
-7676.33	-15352.7	-7676.33	0	0	0
-7676.33	-15352.7	-7676.33	0	0	0
-7676.33	-15352.7	-7676.33	0	0	0
-7676.33	-15352.7	-7676.33	0	0	0
-7676.33	-15352.7	-7676.33	0	0	0
-7676.33	-15352.7	-7676.33	0	0	0
-7676.33	-15352.7	-7676.33	0	0	0
-7676.33	-15352.7	-7676.33	0	0	0
-7676.33	-15352.7	-7676.33	0	0	0
-7627.28	-15254.6	-7627.28	0	0	0
-7627.28	-15254.6	-7627.28	0	0	0
-7627.28	-15254.6	-7627.28	0	0	0
-7627.28	-15254.6	-7627.28	0	0	0
-7627.28	-15254.6	-7627.28	0	0	0
-7627.28	-15254.6	-7627.28	0	0	0
-7627.28	-15254.6	-7627.28	0	0	0
-7627.28	-15254.6	-7627.28	0	0	0
-7627.28	-15254.6	-7627.28	0	0	0
-7627.28	-15254.6	-7627.28	0	0	0
-7627.28	-15254.6	-7627.28	0	0	0
-7627.28	-15254.6	-7627.28	0	0	0
-7578.23	-15156.5	-7578.23	0	0	0
-7578.23	-15156.5	-7578.23	0	0	0
-7578.23	-15156.5	-7578.23	0	0	0
-7578.23	-15156.5	-7578.23	0	0	0
-7578.23	-15156.5	-7578.23	0	0	0
-7578.23	-15156.5	-7578.23	0	0	0
-7578.23	-15156.5	-7578.23	0	0	0
-7578.23	-15156.5	-7578.23	0	0	0
-7578.23	-15156.5	-7578.23	0	0	0
-7578.23	-15156.5	-7578.23	0	0	0
-7578.23	-15156.5	-7578.23	0	0	0
-7578.23	-15156.5	-7578.23	0	0	0
-7529.18	-15058.4	-7529.18	0	0	0
-7529.18	-15058.4	-7529.18	0	0	0
-7529.18	-15058.4	-7529.18	0	0	0
-7529.18	-15058.4	-7529.18	0	0	0
-7529.18	-15058.4	-7529.18	0	0	0
-7529.18	-15058.4	-7529.18	0	0	0
-7529.18	-15058.4	-7529.18	0	0	0
-7529.18	-15058.4	-7529.18	0	0	0
-7529.18	-15058.4	-7529.18	0	0	0
-7529.18	-15058.4	-7529.18	0	0	0
-7529.18	-15058.4	-7529.18	0	0	0
-7529.18	-15058.4	-7529.18	0	0	0
-7480.12	-14960.2	-7480.12	0	0	0
-7480.12	-14960.2	-7480.12	0	0	0
-7480.12	-14960.2	-7480.12	0	0	0
-7480.12	-14960.2	-7480.12	0	0	0
-7480.12	-14960.2	-7480.12	0	0	0
-7480.12	-14960.2	-7480.12	0	0	0
-7480.12	-14960.2	-7480.12	0	0	0
-7480.12	-14960.2	-7480.12	0	0	0
-7480.12	-14960.2	-7480.12	0	0	0
-7480.12	-14960.2	-7480.12	0	0	0
-7480.12	-14960.2	-7480.12	0	0	0
-7480.12	-14960.2	-7480.12	0	0	0
-7431.08	-14862.2	-7431.08	0	0	0
-7431.08	-14862.2	-7431.08	0	0	0
-7431.08	-14862.2	-7431.08	0	0	0
-7431.08	-14862.2	-7431.08	0	0	0
-7431.08	-14862.2	-7431.08	0	0	0
-7431.08	-14862.2	-7431.08	0	0	0
-7431.08	-14862.2	-7431.08	0	0	0
-7431.08	-14862.2	-7431.08	0	0	0
-7431.08	-14862.2	-7431.08	0	0	0
-7431.08	-14862.2	-7431.08	0	0	0
-7431.08	-14862.2	-7431.08	0	0	0
-7431.08	-14862.2	-7431.08	0	0	0
-7382.03	-14764.1	-7382.03	0	0	0
-7382.03	-14764.1	-7382.03	0	0	0
-7382.03	-14764.1	-7382.03	0	0	0
-7382.03	-14764.1	-7382.03	0	0	0
-7382.03	-14764.1	-7382.03	0	0	0
-7382.03	-14764.1	-7382.03	0	0	0
-7382.03	-14764.1	-7382.03	0	0	0
-7382.03	-14764.1	-7382.03	0	0	0
-7382.03	-14764.1	-7382.03	0	0	0
-7382.03	-14764.1	-7382.03	0	0	0
-7382.03	-14764.1	-7382.03	0	0	0
-7382.03	-14764.1	-7382.03	0	0	0
-7332.98	-14666	-7332.98	0	0	0
-7332.98	-14666	-7332.98	0	0	0
-7332.98	-14666	-7332.98	0	0	0
-7332.98	-14666	-7332.98	0	0	0
-7332.98	-14666	-7332.98	0	0	0
-7332.98	-14666	-7332.98	0	0	0
-7332.98	-14666	-7332.98	0	0	0
-7332.98	-14666	-7332.98	0	0	0
-7332.98	-14666	-7332.98	0	0	0
-7332.98	-14666	-7332.98	0	0	0
-7332.98	-14666	-7332.98	0	0	0
-7332.98	-14666	-7332.98	0	0	0
-7283.92	-14567.8	-7283.92	0	0	0
-7283.92	-14567.8	-7283.92	0	0	0
-7283.92	-14567.8	-7283.92	0	0	0
-7283.92	-14567.8	-7283.92	0	0	0
-7283.92	-14567.8	-7283.92	0	0	0
-7283.92	-14567.8	-7283.92	0	0	0
-7283.92	-14567.8	-7283.92	0	0	0
-7283.92	-14567.8	-7283.92	0	0	0
-7283.92	-14567.8	-7283.92	0	0	0
-7283.92	-14567.8	-7283.92	0	0	0
-7283.92	-14567.8	-7283.92	0	0	0
-7283.92	-14567.8	-7283.92	0	0	0
-7234.88	-14469.8	-7234.88	0	0	0
-7234.88	-14469.8	-7234.88	0	0	0
-7234.88	-14469.8	-7234.88	0	0	0
-7234.88	-14469.8	-7234.88	0	0	0
-7234.88	-14469.8	-7234.88	0	0	0
-7234.88	-14469.8	-7234.88	0	0	0
-7234.88	-14469.8	-7234.88	0	0	0
-7234.88	-14469.8	-7234.88	0	0	0
-7234.88	-14469.8	-7234.88	0	0	0
-7234.88	-14469.8	-7234.88	0	0	0
-7234.88	-14469.8	-7234.88	0	0	0
-7234.88	-14469.8	-7234.88	0	0	0
-7185.82	-14371.6	-7185.82	0	0	0
-7185.82	-14371.6	-7185.82	0	0	0
-7185.82	-14371.6	-7185.82	0	0	0
-7185.82	-14371.6	-7185.82	0	0	0
-7185.82	-14371.6	-7185.82	0	0	0
-7185.82	-14371.6	-7185.82	0	0	0
-7185.82	-14371.6	-7185.82	0	0	0
-7185.82	-14371.6	-7185.82	0	0	0
-7185.82	-14371.6	-7185.82	0	0	0
-7185.82	-14371.6	-7185.82	0	0	0
-7185.82	-14371.6	-7185.82	0	0	0
-7185.82	-14371.6	-7185.82	0	0	0
-7136.78	-14273.6	-7136.78	0	0	0
-7136.78	-14273.6	-7136.78	0	0	0
-7136.78	-14273.6	-7136.78	0	0	0
-7136.78	-14273.6	-7136.78	0	0	0
-7136.78	-14273.6	-7136.78	0	0	0
-7136.78	-14273.6	-7136.78	0	0	0
-7136.78	-14273.6	-7136.78	0	0	0
-7136.78	-14273.6	-7136.78	0	0	0
-7136.78	-14273.6	-7136.78	0	0	0
-7136.78	-14273.6	-7136.78	0	0	0
-7136.78	-14273.6	-7136.78	0	0	0
-7136.78	-14273.6	-7136.78	0	0	0
-7087.72	-14175.4	-7087.72	0	0	0
-7087.72	-14175.4	-7087.72	0	0	0
-7087.72	-14175.4	-7087.72	0	0	0
-7087.72	-14175.4	-7087.72	0	0	0
-7087.72	-14175.4	-7087.72	0	0	0
-7087.72	-14175.4	-7087.72	0	0	0
-7087.72	-14175.4	-7087.72	0	0	0
-7087.72	-14175.4	-7087.72	0	0	0
-7087.72	-14175.4	-7087.72	0	0	0
-7087.72	-14175.4	-7087.72	0	0	0
-7087.72	-14175.4	-7087.72	0	0	0
-7087.72	-14175.4	-7087.72	0	0	0
-7038.68	-14077.4	-7038.68	0	0	0
-7038.68	-14077.4	-7038.68	0	0	0
-7038.68	-14077.4	-7038.68	0	0	0
-7038.68	-14077.4	-7038.68	0	0	0
-7038.68	-14077.4	-7038.68	0	0	0
-7038.68	-14077.4	-7038.68	0	0	0
-7038.68	-14077.4	-7038.68	0	0	0
-7038.68	-14077.4	-7038.68	0	0	0
-7038.68	-14077.4	-7038.68	0	0	0
-7038.68	-14077.4	-7038.68	0	0	0
-7038.68	-14077.4	-7038.68	0	0	0
-7038.68	-14077.4	-7038.68	0	0	0
-6989.62	-13979.2	-6989.62	0	0	0
-6989.62	-13979.2	-6989.62	0	0	0
-6989.62	-13979.2	-6989.62	0	0	0
-6989.62	-13979.2	-6989.62	0	0	0
-6989.62	-13979.2	-6989.62	0	0	0
-6989.62	-13979.2	-6989.62	0	0	0
-6989.62	-13979.2	-6989.62	0	0	0
-6989.62	-13979.2	-6989.62	0	0	0
-6989.62	-13979.2	-6989.62	0	0	0
-6989.62	-13979.2	-6989.62	0	0	0
-6989.62	-13979.2	-6989.62	0	0	0
-6989.62	-13979.2	-6989.62	0	0	0
-6940.58	-13881.2	-6940.58	0	0	0
-6940.58	-13881.2	-6940.58	0	0	0
-6940.58	-13881.2	-6940.58	0	0	0
-6940.58	-13881.2	-6940.58	0	0	0
-6940.58	-13881.2	-6940.58	0	0	0
-6940.58	-13881.2	-6940.58	0	0	0
-6940.58	-13881.2	-6940.58	0	0	0
-6940.58	-13881.2	-6940.58	0	0	0
-6940.58	-13881.2	-6940.58	0	0	0
-6940.58	-13881.2	-6940.58	0	0	0
-6940.58	-13881.2	-6940.58	0	0	0
-6940.58	-13881.2	-6940.58	0	0	0
-6891.53	-13783.1	-6891.53	0	0	0
-6891.53	-13783.1	-6891.53	0	0	0
-6891.53	-13783.1	-6891.53	0	0	0
-6891.53	-13783.1	-6891.53	0	0	0
-6891.53	-13783.1	-6891.53	0	0	0
-6891.53	-13783.1	-6891.53	0	0	0
-6891.53	-13783.1	-6891.53	0	0	0
-6891.53	-13783.1	-6891.53	0	0	0
-6891.53	-13783.1	-6891.53	0	0	0
-6891.53	-13783.1	-6891.53	0	0	0
-6891.53	-13783.1	-6891.53	0	0	0
-6891.53	-13783.1	-6891.53	0	0	0
-6842.48	-13685	-6842.48	0	0	0
-6842.48	-13685	-6842.48	0	0	0
-6842.48	-13685	-6842.48	0	0	0
-6842.48	-13685	-6842.48	0	0	0
-6842.48	-13685	-6842.48	0	0	0
-6842.48	-13685	-6842.48	0	0	0
-6842.48	-13685	-6842.48	0	0	0
-6842.48	-13685	-6842.48	0	0	0
-6842.48	-13685	-6842.48	0	0	0
-6842.48	-13685	-6842.48	0	0	0
-6842.48	-13685	-6842.48	0	0	0
-6842.48	-13685	-6842.48	0	0	0
-6793.43	-13586.9	-6793.43	0	0	0
-6793.43	-13586.9	-6793.43	0	0	0
-6793.43	-13586.9	-6793.43	0	0	0
-6793.43	-13586.9	-6793.43	0	0	0
-6793.43	-13586.9	-6793.43	0	0	0
-6793.43	-13586.9	-6793.43	0	0	0
-6793.43	-13586.9	-6793.43	0	0	0
-6793.43	-13586.9	-6793.43	0	0	0
-6793.43	-13586.9	-6793.43	0	0	0
-6793.43	-13586.9	-6793.43	0	0	0
-6793.43	-13586.9	-6793.43	0	0	0
-6793.43	-13586.9	-6793.43	0	0	0
-6744.38	-13488.8	-6744.38	0	0	0
-6744.38	-13488.8	-6744.38	0	0	0
-6744.38	-13488.8	-6744.38	0	0	0
-6744.38	-13488.8	-6744.38	0	0	0
-6744.38	-13488.8	-6744.38	0	0	0
-6744.38	-13488.8	-6744.38	0	0	0
-6744.38	-13488.8	-6744.38	0	0	0
-6744.38	-13488.8	-6744.38	0	0	0
-6744.38	-13488.8	-6744.38	0	0	0
-6744.38	-13488.8	-6744.38	0	0	0
-6744.38	-13488.8	-6744.38	0	0	0
-6744.38	-13488.8	-6744.38	0	0	0
-6695.33	-13390.7	-6695.33	0	0	0
-6695.33	-13390.7	-6695.33	0	0	0
-6695.33	-13390.7	-6695.33	0	0	0
-6695.33	-13390.7	-6695.33	0	0	0
-6695.33	-13390.7	-6695.33	0	0	0
-6695.33	-13390.7	-6695.33	0	0	0
-6695.33	-13390.7	-6695.33	0	0	0
-6695.33	-13390.7	-6695.33	0	0	0
-6695.33	-13390.7	-6695.33	0	0	0
-6695.33	-13390.7	-6695.33	0	0	0
-6695.33	-13390.7	-6695.33	0	0	0
-6695.33	-13390.7	-6695.33	0	0	0
-6646.28	-13292.6	-6646.28	0	0	0
-6646.28	-13292.6	-6646.28	0	0	0
-6646.28	-13292.6	-6646.28	0	0	0
-6646.28	-13292.6	-6646.28	0	0	0
-6646.28	-13292.6	-6646.28	0	0	0
-6646.28	-13292.6	-6646.28	0	0	0
-6646.28	-13292.6	-6646.28	0	0	0
-6646.28	-13292.6	-6646.28	0	0	0
-6646.28	-13292.6	-6646.28	0	0	0
-6646.28	-13292.6	-6646.28	0	0	0
-6646.28	-13292.6	-6646.28	0	0	0
-6646.28	-13292.6	-6646.28	0	0	0
-6597.23	-13194.5	-6597.23	0	0	0
-6597.23	-13194.5	-6597.23	0	0	0
-6597.23	-13194.5	-6597.23	0	0	0
-6597.23	-13194.5	-6597.23	0	0	0
-6597.23	-13194.5	-6597.23	0	0	0
-6597.23	-13194.5	-6597.23	0	0	0
-6597.23	-13194.5	-6597.23	0	0	0
-6597.23	-13194.5	-6597.23	0	0	0
-6597.23	-13194.5	-6597.23	0	0	0
-6597.23	-13194.5	-6597.23	0	0	0
-6597.23	-13194.5	-6597.23	0	0	0
-6597.23	-13194.5	-6597.23	0	0	0
-6548.18	-13096.4	-6548.18	0	0	0
-6548.18	-13096.4	-6548.18	0	0	0
-6548.18	-13096.4	-6548.18	0	0	0
-6548.18	-13096.4	-6548.18	0	0	0
-6548.18	-13096.4	-6548.18	0	0	0
-6548.18	-13096.4	-6548.18	0	0	0
-6548.18	-13096.4	-6548.18	0	0	0
-6548.18	-13096.4	-6548.18	0	0	0
-6548.18	-13096.4	-6548.18	0	0	0
-6548.18	-13096.4	-6548.18	0	0	0
-6548.18	-13096.4	-6548.18	0	0	0
-6548.18	-13096.4	-6548.18	0	0	0
-6499.12	-12998.2	-6499.12	0	0	0
-6499.12	-12998.2	-6499.12	0	0	0
-6499.12	-12998.2	-6499.12	0	0	0
-6499.12	-12998.2	-6499.12	0	0	0
-6499.12	-12998.2	-6499.12	0	0	0
-6499.12	-12998.2	-6499.12	0	0	0
-6499.12	-12998.2	-6499.12	0	0	0
-6499.12	-12998.2	-6499.12	0	0	0
-6499.12	-12998.2	-6499.12	0	0	0
-6499.12	-12998.2	-6499.12	0	0	0
-6499.12	-12998.2	-6499.12	0	0	0
-6499.12	-12998.2	-6499.12	0	0	0
-6450.08	-12900.2	-6450.08	0	0	0
-6450.08	-12900.2	-6450.08	0	0	0
-6450.08	-12900.2	-6450.08	0	0	0
-6450.08	-12900.2	-6450.08	0	0	0
-6450.08	-12900.2	-6450.08	0	0	0
-6450.08	-12900.2	-6450.08	0	0	0
-6450.08	-12900.2	-6450.08	0	0	0
-6450.08	-12900.2	-6450.08	0	0	0
-6450.08	-12900.2	-6450.08	0	0	0
-6450.08	-12900.2	-6450.08	0	0	0
-6450.08	-12900.2	-6450.08	0	0	0
-6450.08	-12900.2	-6450.08	0	0	0
-6401.03	-12802.1	-6401.03	0	0	0
-6401.03	-12802.1	-6401.03	0	0	0
-6401.03	-12802.1	-6401.03	0	0	0
-6401.03	-12802.1	-6401.03	0	0	0
-6401.03	-12802.1	-6401.03	0	0	0
-6401.03	-12802.1	-6401.03	0	0	0
-6401.03	-12802.1	-6401.03	0	0	0
-6401.03	-12802.1	-6401.03	0	0	0
-6401.03	-12802.1	-6401.03	0	0	0
-6401.03	-12802.1	-6401.03	0	0	0
-6401.03	-12802.1	-6401.03	0	0	0
-6401.03	-12802.1	-6401.03	0	0	0
-6351.98	-12704	-6351.98	0	0	0
-6351.98	-12704	-6351.98	0	0	0
-6351.98	-12704	-6351.98	0	0	0
-6351.98	-12704	-6351.98	0	0	0
-6351.98	-12704	-6351.98	0	0	0
-6351.98	-12704	-6351.98	0	0	0
-6351.98	-12704	-6351.98	0	0	0
-6351.98	-12704	-6351.98	0	0	0
-6351.98	-12704	-6351.98	0	0	0
-6351.98	-12704	-6351.98	0	0	0
-6351.98	-12704	-6351.98	0	0	0
-6351.98	-12704	-6351.98	0	0	0
-6302.93	-12605.9	-6302.93	0	0	0
-6302.93	-12605.9	-6302.93	0	0	0
-6302.93	-12605.9	-6302.93	0	0	0
-6302.93	-12605.9	-6302.93	0	0	0
-6302.93	-12605.9	-6302.93	0	0	0
-6302.93	-12605.9	-6302.93	0	0	0
-6302.93	-12605.9	-6302.93	0	0	0
-6302.93	-12605.9	-6302.93	0	0	0
-6302.93	-12605.9	-6302.93	0	0	0
-6302.93	-12605.9	-6302.93	0	0	0
-6302.93	-12605.9	-6302.93	0	0	0
-6302.93	-12605.9	-6302.93	0	0	0
-6253.88	-12507.8	-6253.88	0	0	0
-6253.88	-12507.8	-6253.88	0	0	0
-6253.88	-12507.8	-6253.88	0	0	0
-6253.88	-12507.8	-6253.88	0	0	0
-6253.88	-12507.8	-6253.88	0	0	0
-6253.88	-12507.8	-6253.88	0	0	0
-6253.88	-12507.8	-6253.88	0	0	0
-6253.88	-12507.8	-6253.88	0	0	0
-6253.88	-12507.8	-6253.88	0	0	0
-6253.88	-12507.8	-6253.88	0	0	0
-6253.88	-12507.8	-6253.88	0	0	0
-6253.88	-12507.8	-6253.88	0	0	0
-6204.83	-12409.7	-6204.83	0	0	0
-6204.83	-12409.7	-6204.83	0	0	0
-6204.83	-12409.7	-6204.83	0	0	0
-6204.83	-12409.7	-6204.83	0	0	0
-6204.83	-12409.7	-6204.83	0	0	0
-6204.83	-12409.7	-6204.83	0	0	0
-6204.83	-12409.7	-6204.83	0	0	0
-6204.83	-12409.7	-6204.83	0	0	0
-6204.83	-12409.7	-6204.83	0	0	0
-6204.83	-12409.7	-6204.83	0	0	0
-6204.83	-12409.7	-6204.83	0	0	0
-6204.83	-12409.7	-6204.83	0	0	0
-6155.78	-12311.6	-6155.78	0	0	0
-6155.78	-12311.6	-6155.78	0	0	0
-6155.78	-12311.6	-6155.78	0	0	0
-6155.78	-12311.6	-6155.78	0	0	0
-6155.78	-12311.6	-6155.78	0	0	0
-6155.78	-12311.6	-6155.78	0	0	0
-6155.78	-12311.6	-6155.78	0	0	0
-6155.78	-12311.6	-6155.78	0	0	0
-6155.78	-12311.6	-6155.78	0	0	0
-6155.78	-12311.6	-6155.78	0	0	0
-6155.78	-12311.6	-6155.78	0	0	0
-6155.78	-12311.6	-6155.78	0	0	0
-6106.73	-12213.5	-6106.73	0	0	0
-6106.73	-12213.5	-6106.73	0	0	0
-6106.73	-12213.5	-6106.73	0	0	0
-6106.73	-12213.5	-6106.73	0	0	0
-6106.73	-12213.5	-6106.73	0	0	0
-6106.73	-12213.5	-6106.73	0	0	0
-6106.73	-12213.5	-6106.73	0	0	0
-6106.73	-12213.5	-6106.73	0	0	0
-6106.73	-12213.5	-6106.73	0	0	0
-6106.73	-12213.5	-6106.73	0	0	0
-6106.73	-12213.5	-6106.73	0	0	0
-6106.73	-12213.5	-6106.73	0	0	0
-6057.67	-12115.3	-6057.67	0	0	0
-6057.67	-12115.3	-6057.67	0	0	0
-6057.67	-12115.3	-6057.67	0	0	0
-6057.67	-12115.3	-6057.67	0	0	0
-6057.67	-12115.3	-6057.67	0	0	0
-6057.67	-12115.3	-6057.67	0	0	0
-6057.67	-12115.3	-6057.67	0	0	0
-6057.67	-12115.3	-6057.67	0	0	0
-6057.67	-12115.3	-6057.67	0	0	0
-6057.67	-12115.3	-6057.67	0	0	0
-6057.67	-12115.3	-6057.67	0	0	0
-6057.67	-12115.3	-6057.67	0	0	0
-6008.62	-12017.2	-6008.62	0	0	0
-6008.62	-12017.2	-6008.62	0	0	0
-6008.62	-12017.2	-6008.62	0	0	0
-6008.62	-12017.2	-6008.62	0	0	0
-6008.62	-12017.2	-6008.62	0	0	0
-6008.62	-12017.2	-6008.62	0	0	0
-6008.62	-12017.2	-6008.62	0	0	0
-6008.62	-12017.2	-6008.62	0	0	0
-6008.62	-12017.2	-6008.62	0	0	0
-6008.62	-12017.2	-6008.62	0	0	0
-6008.62	-12017.2	-6008.62	0	0	0
-6008.62	-12017.2	-6008.62	0	0	0
-5959.57	-11919.1	-5959.57	0	0	0
-5959.57	-11919.1	-5959.57	0	0	0
-5959.57	-11919.1	-5959.57	0	0	0
-5959.57	-11919.1	-5959.57	0	0	0
-5959.57	-11919.1	-5959.57	0	0	0
-5959.57	-11919.1	-5959.57	0	0	0
-5959.57	-11919.1	-5959.57	0	0	0
-5959.57	-11919.1	-5959.57	0	0	0
-5959.57	-11919.1	-5959.57	0	0	0
-5959.57	-11919.1	-5959.57	0	0	0
-5959.57	-11919.1	-5959.57	0	0	0
-5959.57	-11919.1	-5959.57	0	0	0
-5910.53	-11821.1	-5910.53	0	0	0
-5910.53	-11821.1	-5910.53	0	0	0
-5910.53	-11821.1	-5910.53	0	0	0
-5910.53	-11821.1	-5910.53	0	0	0
-5910.53	-11821.1	-5910.53	0	0	0
-5910.53	-11821.1	-5910.53	0	0	0
-5910.53	-11821.1	-5910.53	0	0	0
-5910.53	-11821.1	-5910.53	0	0	0
-5910.53	-11821.1	-5910.53	0	0	0
-5910.53	-11821.1	-5910.53	0	0	0
-5910.53	-11821.1	-5910.53	0	0	0
-5910.53	-11821.1	-5910.53	0	0	0
-5861.47	-11722.9	-5861.47	0	0	0
-5861.47	-11722.9	-5861.47	0	0	0
-5861.47	-11722.9	-5861.47	0	0	0
-5861.47	-11722.9	-5861.47	0	0	0
-5861.47	-11722.9	-5861.47	0	0	0
-5861.47	-11722.9	-5861.47	0	0	0
-5861.47	-11722.9	-5861.47	0	0	0
-5861.47	-11722.9	-5861.47	0	0	0
-5861.47	-11722.9	-5861.47	0	0	0
-5861.47	-11722.9	-5861.47	0	0	0
-5861.47	-11722.9	-5861.47	0	0	0
-5861.47	-11722.9	-5861.47	0	0	0
-5812.43	-11624.9	-5812.43	0	0	0
-5812.43	-11624.9	-5812.43	0	0	0
-5812.43	-11624.9	-5812.43	0	0	0
-5812.43	-11624.9	-5812.43	0	0	0
-5812.43	-11624.9	-5812.43	0	0	0
-5812.43	-11624.9	-5812.43	0	0	0
-5812.43	-11624.9	-5812.43	0	0	0
-5812.43	-11624.9	-5812.43	0	0	0
-5812.43	-11624.9	-5812.43	0	0	0
-5812.43	-11624.9	-5812.43	0	0	0
-5812.43	-11624.9	-5812.43	0	0	0
-5812.43	-11624.9	-5812.43	0	0	0
-5763.37	-11526.7	-5763.37	0	0	0
-5763.37	-11526.7	-5763.37	0	0	0
-5763.37	-11526.7	-5763.37	0	0	0
-5763.37	-11526.7	-5763.37	0	0	0
-5763.37	-11526.7	-5763.37	0	0	0
-5763.37	-11526.7	-5763.37	0	0	0
-5763.37	-11526.7	-5763.37	0	0	0
-5763.37	-11526.7	-5763.37	0	0	0
-5763.37	-11526.7	-5763.37	0	0	0
-5763.37	-11526.7	-5763.37	0	0	0
-5763.37	-11526.7	-5763.37	0	0	0
-5763.37	-11526.7	-5763.37	0	0	0
-5714.33	-11428.7	-5714.33	0	0	0
-5714.33	-11428.7	-5714.33	0	0	0
-5714.33	-11428.7	-5714.33	0	0	0
-5714.33	-11428.7	-5714.33	0	0	0
-5714.33	-11428.7	-5714.33	0	0	0
-5714.33	-11428.7	-5714.33	0	0	0
-5714.33	-11428.7	-5714.33	0	0	0
-5714.33	-11428.7	-5714.33	0	0	0
-5714.33	-11428.7	-5714.33	0	0	0
-5714.33	-11428.7	-5714.33	0	0	0
-5714.33	-11428.7	-5714.33	0	0	0
-5714.33	-11428.7	-5714.33	0	0	0
-5665.28	-11330.6	-5665.28	0	0	0
-5665.28	-11330.6	-5665.28	0	0	0
-5665.28	-11330.6	-5665.28	0	0	0
-5665.28	-11330.6	-5665.28	0	0	0
-5665.28	-11330.6	-5665.28	0	0	0
-5665.28	-11330.6	-5665.28	0	0	0
-5665.28	-11330.6	-5665.28	0	0	0
-5665.28	-11330.6	-5665.28	0	0	0
-5665.28	-11330.6	-5665.28	0	0	0
-5665.28	-11330.6	-5665.28	0	0	0
-5665.28	-11330.6	-5665.28	0	0	0
-5665.28	-11330.6	-5665.28	0	0	0
-5616.23	-11232.5	-5616.23	0	0	0
-5616.23	-11232.5	-5616.23	0	0	0
-5616.23	-11232.5	-5616.23	0	0	0
-5616.23	-11232.5	-5616.23	0	0	0
-5616.23	-11232.5	-5616.23	0	0	0
-5616.23	-11232.5	-5616.23	0	0	0
-5616.23	-11232.5	-5616.23	0	0	0
-5616.23	-11232.5	-5616.23	0	0	0
-5616.23	-11232.5	-5616.23	0	0	0
-5616.23	-11232.5	-5616.23	0	0	0
-5616.23	-11232.5	-5616.23	0	0	0
-5616.23	-11232.5	-5616.23	0	0	0
-5567.18	-11134.4	-5567.18	0	0	0
-5567.18	-11134.4	-5567.18	0	0	0
-5567.18	-11134.4	-5567.18	0	0	0
-5567.18	-11134.4	-5567.18	0	0	0
-5567.18	-11134.4	-5567.18	0	0	0
-5567.18	-11134.4	-5567.18	0	0	0
-5567.18	-11134.4	-5567.18	0	0	0
-5567.18	-11134.4	-5567.18	0	0	0
-5567.18	-11134.4	-5567.18	0	0	0
-5567.18	-11134.4	-5567.18	0	0	0
-5567.18	-11134.4	-5567.18	0	0	0
-5567.18	-11134.4	-5567.18	0	0	0
-5518.12	-11036.2	-5518.12	0	0	0
-5518.12	-11036.2	-5518.12	0	0	0
-5518.12	-11036.2	-5518.12	0	0	0
-5518.12	-11036.2	-5518.12	0	0	0
-5518.12	-11036.2	-5518.12	0	0	0
-5518.12	-11036.2	-5518.12	0	0	0
-5518.12	-11036.2	-5518.12	0	0	0
-5518.12	-11036.2	-5518.12	0	0	0
-5518.12	-11036.2	-5518.12	0	0	0
-5518.12	-11036.2	-5518.12	0	0	0
-5518.12	-11036.2	-5518.12	0	0	0
-5518.12	-11036.2	-5518.12	0	0	0
-5469.08	-10938.2	-5469.08	0	0	0
-5469.08	-10938.2	-5469.08	0	0	0
-5469.08	-10938.2	-5469.08	0	0	0
-5469.08	-10938.2	-5469.08	0	0	0
-5469.08	-10938.2	-5469.08	0	0	0
-5469.08	-10938.2	-5469.08	0	0	0
-5469.08	-10938.2	-5469.08	0	0	0
-5469.08	-10938.2	-5469.08	0	0	0
-5469.08	-10938.2	-5469.08	0	0	0
-5469.08	-10938.2	-5469.08	0	0	0
-5469.08	-10938.2	-5469.08	0	0	0
-5469.08	-10938.2	-5469.08	0	0	0
-5420.03	-10840.1	-5420.03	0	0	0
-5420.03	-10840.1	-5420.03	0	0	0
-5420.03	-10840.1	-5420.03	0	0	0
-5420.03	-10840.1	-5420.03	0	0	0
-5420.03	-10840.1	-5420.03	0	0	0
-5420.03	-10840.1	-5420.03	0	0	0
-5420.03	-10840.1	-5420.03	0	0	0
-5420.03	-10840.1	-5420.03	0	0	0
-5420.03	-10840.1	-5420.03	0	0	0
-5420.03	-10840.1	-5420.03	0	0	0
-5420.03	-10840.1	-5420.03	0	0	0
-5420.03	-10840.1	-5420.03	0	0	0
-5370.98	-10742	-5370.98	0	0	0
-5370.98	-10742	-5370.98	0	0	0
-5370.98	-10742	-5370.98	0	0	0
-5370.98	-10742	-5370.98	0	0	0
-5370.98	-10742	-5370.98	0	0	0
-5370.98	-10742	-5370.98	0	0	0
-5370.98	-10742	-5370.98	0	0	0
-5370.98	-10742	-5370.98	0	0	0
-5370.98	-10742	-5370.98	0	0	0
-5370.98	-10742	-5370.98	0	0	0
-5370.98	-10742	-5370.98	0	0	0
-5370.98	-10742	-5370.98	0	0	0
-5321.93	-10643.9	-5321.93	0	0	0
-5321.93	-10643.9	-5321.93	0	0	0
-5321.93	-10643.9	-5321.93	0	0	0
-5321.93	-10643.9	-5321.93	0	0	0
-5321.93	-10643.9	-5321.93	0	0	0
-5321.93	-10643.9	-5321.93	0	0	0
-5321.93	-10643.9	-5321.93	0	0	0
-5321.93	-10643.9	-5321.93	0	0	0
-5321.93	-10643.9	-5321.93	0	0	0
-5321.93	-10643.9	-5321.93	0	0	0
-5321.93	-10643.9	-5321.93	0	0	0
-5321.93	-10643.9	-5321.93	0	0	0
-5272.88	-10545.8	-5272.88	0	0	0
-5272.88	-10545.8	-5272.88	0	0	0
-5272.88	-10545.8	-5272.88	0	0	0
-5272.88	-10545.8	-5272.88	0	0	0
-5272.88	-10545.8	-5272.88	0	0	0
-5272.88	-10545.8	-5272.88	0	0	0
-5272.88	-10545.8	-5272.88	0	0	0
-5272.88	-10545.8	-5272.88	0	0	0
-5272.88	-10545.8	-5272.88	0	0	0
-5272.88	-10545.8	-5272.88	0	0	0
-5272.88	-10545.8	-5272.88	0	0	0
-5272.88	-10545.8	-5272.88	0	0	0
-5223.82	-10447.6	-5223.82	0	0	0
-5223.82	-10447.6	-5223.82	0	0	0
-5223.82	-10447.6	-5223.82	0	0	0
-5223.82	-10447.6	-5223.82	0	0	0
-5223.82	-10447.6	-5223.82	0	0	0
-5223.82	-10447.6	-5223.82	0	0	0
-5223.82	-10447.6	-5223.82	0	0	0
-5223.82	-10447.6	-5223.82	0	0	0
-5223.82	-10447.6	-5223.82	0	0	0
-5223.82	-10447.6	-5223.82	0	0	0
-5223.82	-10447.6	-5223.82	0	0	0
-5223.82	-10447.6	-5223.82	0	0	0
-5174.78	-10349.6	-5174.78	0	0	0
-5174.78	-10349.6	-5174.78	0	0	0
-5174.78	-10349.6	-5174.78	0	0	0
-5174.78	-10349.6	-5174.78	0	0	0
-5174.78	-10349.6	-5174.78	0	0	0
-5174.78	-10349.6	-5174.78	0	0	0
-5174.78	-10349.6	-5174.78	0	0	0
-5174.78	-10349.6	-5174.78	0	0	0
-5174.78	-10349.6	-5174.78	0	0	0
-5174.78	-10349.6	-5174.78	0	0	0
-5174.78	-10349.6	-5174.78	0	0	0
-5174.78	-10349.6	-5174.78	0	0	0
-5125.73	-10251.5	-5125.73	0	0	0
-5125.73	-10251.5	-5125.73	0	0	0
-5125.73	-10251.5	-5125.73	0	0	0
-5125.73	-10251.5	-5125.73	0	0	0
-5125.73	-10251.5	-5125.73	0	0	0
-5125.73	-10251.5	-5125.73	0	0	0
-5125.73	-10251.5	-5125.73	0	0	0
-5125.73	-10251.5	-5125.73	0	0	0
-5125.73	-10251.5	-5125.73	0	0	0
-5125.73	-10251.5	-5125.73	0	0	0
-5125.73	-10251.5	-5125.73	0	0	0
-5125.73	-10251.5	-5125.73	0	0	0
-5076.68	-10153.4	-5076.68	0	0	0
-5076.68	-10153.4	-5076.68	0	0	0
-5076.68	-10153.4	-5076.68	0	0	0
-5076.68	-10153.4	-5076.68	0	0	0
-5076.68	-10153.4	-5076.68	0	0	0
-5076.68	-10153.4	-5076.68	0	0	0
-5076.68	-10153.4	-5076.68	0	0	0
-5076.68	-10153.4	-5076.68	0	0	0
-5076.68	-10153.4	-5076.68	0	0	0
-5076.68	-10153.4	-5076.68	0	0	0
-5076.68	-10153.4	-5076.68	0	0	0
-5076.68	-10153.4	-5076.68	0	0	0
-5027.62	-10055.2	-5027.62	0	0	0
-5027.62	-10055.2	-5027.62	0	0	0
-5027.62	-10055.2	-5027.62	0	0	0
-5027.62	-10055.2	-5027.62	0	0	0
-5027.62	-10055.2	-5027.62	0	0	0
-5027.62	-10055.2	-5027.62	0	0	0
-5027.62	-10055.2	-5027.62	0	0	0
-5027.62	-10055.2	-5027.62	0	0	0
-5027.62	-10055.2	-5027.62	0	0	0
-5027.62	-10055.2	-5027.62	0	0	0
-5027.62	-10055.2	-5027.62	0	0	0
-5027.62	-10055.2	-5027.62	0	0	0
-4978.58	-9957.15	-4978.58	0	0	0
-4978.58	-9957.15	-4978.58	0	0	0
-4978.58	-9957.15	-4978.58	0	0	0
-4978.58	-9957.15	-4978.58	0	0	0
-4978.58	-9957.15	-4978.58	0	0	0
-4978.58	-9957.15	-4978.58	0	0	0
-4978.58	-9957.15	-4978.58	0	0	0
-4978.58	-9957.15	-4978.58	0	0	0
-4978.58	-9957.15	-4978.58	0	0	0
-4978.58	-9957.15	-4978.58	0	0	0
-4978.58	-9957.15	-4978.58	0	0	0
-4978.58	-9957.15	-4978.58	0	0	0
-4929.52	-9859.05	-4929.52	0	0	0
-4929.52	-9859.05	-4929.52	0	0	0
-4929.52	-9859.05	-4929.52	0	0	0
-4929.52	-9859.05	-4929.52	0	0	0
-4929.52	-9859.05	-4929.52	0	0	0
-4929.52	-9859.05	-4929.52	0	0	0
-4929.52	-9859.05	-4929.52	0	0	0
-4929.52	-9859.05	-4929.52	0	0	0
-4929.52	-9859.05	-4929.52	0	0	0
-4929.52	-9859.05	-4929.52	0	0	0
-4929.52	-9859.05	-4929.52	0	0	0
-4929.52	-9859.05	-4929.52	0	0	0
-4880.48	-9760.95	-4880.48	0	0	0
-4880.48	-9760.95	-4880.48	0	0	0
-4880.48	-9760.95	-4880.48	0	0	0
-4880.48	-9760.95	-4880.48	0	0	0
-4880.48	-9760.95	-4880.48	0	0	0
-4880.48	-9760.95	-4880.48	0	0	0
-4880.48	-9760.95	-4880.48	0	0	0
-4880.48	-9760.95	-4880.48	0	0	0
-4880.48	-9760.95	-4880.48	0	0	0
-4880.48	-9760.95	-4880.48	0	0	0
-4880.48	-9760.95	-4880.48	0	0	0
-4880.48	-9760.95	-4880.48	0	0	0
-4831.43	-9662.85	-4831.43	0	0	0
-4831.43	-9662.85	-4831.43	0	0	0
-4831.43	-9662.85	-4831.43	0	0	0
-4831.43	-9662.85	-4831.43	0	0	0
-4831.43	-9662.85	-4831.43	0	0	0
-4831.43	-9662.85	-4831.43	0	0	0
-4831.43	-9662.85	-4831.43	0	0	0
-4831.43	-9662.85	-4831.43	0	0	0
-4831.43	-9662.85	-4831.43	0	0	0
-4831.43	-9662.85	-4831.43	0	0	0
-4831.43	-9662.85	-4831.43	0	0	0
-4831.43	-9662.85	-4831.43	0	0	0
-4782.38	-9564.75	-4782.38	0	0	0
-4782.38	-9564.75	-4782.38	0	0	0
-4782.38	-9564.75	-4782.38	0	0	0
-4782.38	-9564.75	-4782.38	0	0	0
-4782.38	-9564.75	-4782.38	0	0	0
-4782.38	-9564.75	-4782.38	0	0	0
-4782.38	-9564.75	-4782.38	0	0	0
-4782.38	-9564.75	-4782.38	0	0	0
-4782.38	-9564.75	-4782.38	0	0	0
-4782.38	-9564.75	-4782.38	0	0	0
-4782.38	-9564.75	-4782.38	0	0	0
-4782.38	-9564.75	-4782.38	0	0	0
-4733.33	-9466.65	-4733.33	0	0	0
-4733.33	-9466.65	-4733.33	0	0	0
-4733.33	-9466.65	-4733.33	0	0	0
-4733.33	-9466.65	-4733.33	0	0	0
-4733.33	-9466.65	-4733.33	0	0	0
-4733.33	-9466.65	-4733.33	0	0	0
-4733.33	-9466.65	-4733.33	0	0	0
-4733.33	-9466.65	-4733.33	0	0	0
-4733.33	-9466.65	-4733.33	0	0	0
-4733.33	-9466.65	-4733.33	0	0	0
-4733.33	-9466.65	-4733.33	0	0	0
-4733.33	-9466.65	-4733.33	0	0	0
-4684.28	-9368.55	-4684.28	0	0	0
-4684.28	-9368.55	-4684.28	0	0	0
-4684.28	-9368.55	-4684.28	0	0	0
-4684.28	-9368.55	-4684.28	0	0	0
-4684.28	-9368.55	-4684.28	0	0	0
-4684.28	-9368.55	-4684.28	0	0	0
-4684.28	-9368.55	-4684.28	0	0	0
-4684.28	-9368.55	-4684.28	0	0	0
-4684.28	-9368.55	-4684.28	0	0	0
-4684.28	-9368.55	-4684.28	0	0	0
-4684.28	-9368.55	-4684.28	0	0	0
-4684.28	-9368.55	-4684.28	0	0	0
-4635.23	-9270.45	-4635.23	0	0	0
-4635.23	-9270.45	-4635.23	0	0	0
-4635.23	-9270.45	-4635.23	0	0	0
-4635.23	-9270.45	-4635.23	0	0	0
-4635.23	-9270.45	-4635.23	0	0	0
-4635.23	-9270.45	-4635.23	0	0	0
-4635.23	-9270.45	-4635.23	0	0	0
-4635.23	-9270.45	-4635.23	0	0	0
-4635.23	-9270.45	-4635.23	0	0	0
-4635.23	-9270.45	-4635.23	0	0	0
-4635.23	-9270.45	-4635.23	0	0	0
-4635.23	-9270.45	-4635.23	0	0	0
-4586.18	-9172.35	-4586.18	0	0	0
-4586.18	-9172.35	-4586.18	0	0	0
-4586.18	-9172.35	-4586.18	0	0	0
-4586.18	-9172.35	-4586.18	0	0	0
-4586.18	-9172.35	-4586.18	0	0	0
-4586.18	-9172.35	-4586.18	0	0	0
-4586.18	-9172.35	-4586.18	0	0	0
-4586.18	-9172.35	-4586.18	0	0	0
-4586.18	-9172.35	-4586.18	0	0	0
-4586.18	-9172.35	-4586.18	0	0	0
-4586.18	-9172.35	-4586.18	0	0	0
-4586.18	-9172.35	-4586.18	0	0	0
-4537.12	-9074.25	-4537.12	0	0	0
-4537.12	-9074.25	-4537.12	0	0	0
-4537.12	-9074.25	-4537.12	0	0	0
-4537.12	-9074.25	-4537.12	0	0	0
-4537.12	-9074.25	-4537.12	0	0	0
-4537.12	-9074.25	-4537.12	0	0	0
-4537.12	-9074.25	-4537.12	0	0	0
-4537.12	-9074.25	-4537.12	0	0	0
-4537.12	-9074.25	-4537.12	0	0	0
-4537.12	-9074.25	-4537.12	0	0	0
-4537.12	-9074.25	-4537.12	0	0	0
-4537.12	-9074.25	-4537.12	0	0	0
-4488.07	-8976.15	-4488.07	0	0	0
-4488.07	-8976.15	-4488.07	0	0	0
-4488.07	-8976.15	-4488.07	0	0	0
-4488.07	-8976.15	-4488.07	0	0	0
-4488.07	-8976.15	-4488.07	0	0	0
-4488.07	-8976.15	-4488.07	0	0	0
-4488.07	-8976.15	-4488.07	0	0	0
-4488.07	-8976.15	-4488.07	0	0	0
-4488.07	-8976.15	-4488.07	0	0	0
-4488.07	-8976.15	-4488.07	0	0	0
-4488.07	-8976.15	-4488.07	0	0	0
-4488.07	-8976.15	-4488.07	0	0	0
-4439.03	-8878.05	-4439.03	0	0	0
-4439.03	-8878.05	-4439.03	0	0	0
-4439.03	-8878.05	-4439.03	0	0	0
-4439.03	-8878.05	-4439.03	0	0	0
-4439.03	-8878.05	-4439.03	0	0	0
-4439.03	-8878.05	-4439.03	0	0	0
-4439.03	-8878.05	-4439.03	0	0	0
-4439.03	-8878.05	-4439.03	0	0	0
-4439.03	-8878.05	-4439.03	0	0	0
-4439.03	-8878.05	-4439.03	0	0	0
-4439.03	-8878.05	-4439.03	0	0	0
-4439.03	-8878.05	-4439.03	0	0	0
-4389.98	-8779.95	-4389.98	0	0	0
-4389.98	-8779.95	-4389.98	0	0	0
-4389.98	-8779.95	-4389.98	0	0	0
-4389.98	-8779.95	-4389.98	0	0	0
-4389.98	-8779.95	-4389.98	0	0	0
-4389.98	-8779.95	-4389.98	0	0	0
-4389.98	-8779.95	-4389.98	0	0	0
-4389.98	-8779.95	-4389.98	0	0	0
-4389.98	-8779.95	-4389.98	0	0	0
-4389.98	-8779.95	-4389.98	0	0	0
-4389.98	-8779.95	-4389.98	0	0	0
-4389.98	-8779.95	-4389.98	0	0	0
-4340.93	-8681.85	-4340.93	0	0	0
-4340.93	-8681.85	-4340.93	0	0	0
-4340.93	-8681.85	-4340.93	0	0	0
-4340.93	-8681.85	-4340.93	0	0	0
-4340.93	-8681.85	-4340.93	0	0	0
-4340.93	-8681.85	-4340.93	0	0	0
-4340.93	-8681.85	-4340.93	0	0	0
-4340.93	-8681.85	-4340.93	0	0	0
-4340.93	-8681.85	-4340.93	0	0	0
-4340.93	-8681.85	-4340.93	0	0	0
-4340.93	-8681.85	-4340.93	0	0	0
-4340.93	-8681.85	-4340.93	0	0	0
-4291.88	-8583.75	-4291.88	0	0	0
-4291.88	-8583.75	-4291.88	0	0	0
-4291.88	-8583.75	-4291.88	0	0	0
-4291.88	-8583.75	-4291.88	0	0	0
-4291.88	-8583.75	-4291.88	0	0	0
-4291.88	-8583.75	-4291.88	0	0	0
-4291.88	-8583.75	-4291.88	0	0	0
-4291.88	-8583.75	-4291.88	0	0	0
-4291.88	-8583.75	-4291.88	0	0	0
-4291.88	-8583.75	-4291.88	0	0	0
-4291.88	-8583.75	-4291.88	0	0	0
-4291.88	-8583.75	-4291.88	0	0	0
-4242.82	-8485.65	-4242.82	0	0	0
-4242.82	-8485.65	-4242.82	0	0	0
-4242.82	-8485.65	-4242.82	0	0	0
-4242.82	-8485.65	-4242.82	0	0	0
-4242.82	-8485.65	-4242.82	0	0	0
-4242.82	-8485.65	-4242.82	0	0	0
-4242.82	-8485.65	-4242.82	0	0	0
-4242.82	-8485.65	-4242.82	0	0	0
-4242.82	-8485.65	-4242.82	0	0	0
-4242.82	-8485.65	-4242.82	0	0	0
-4242.82	-8485.65	-4242.82	0	0	0
-4242.82	-8485.65	-4242.82	0	0	0
-4193.78	-8387.55	-4193.78	0	0	0
-4193.78	-8387.55	-4193.78	0	0	0
-4193.78	-8387.55	-4193.78	0	0	0
-4193.78	-8387.55	-4193.78	0	0	0
-4193.78	-8387.55	-4193.78	0	0	0
-4193.78	-8387.55	-4193.78	0	0	0
-4193.78	-8387.55	-4193.78	0	0	0
-4193.78	-8387.55	-4193.78	0	0	0
-4193.78	-8387.55	-4193.78	0	0	0
-4193.78	-8387.55	-4193.78	0	0	0
-4193.78	-8387.55	-4193.78	0	0	0
-4193.78	-8387.55	-4193.78	0	0	0
-4144.73	-8289.45	-4144.73	0	0	0
-4144.73	-8289.45	-4144.73	0	0	0
-4144.73	-8289.45	-4144.73	0	0	0
-4144.73	-8289.45	-4144.73	0	0	0
-4144.73	-8289.45	-4144.73	0	0	0
-4144.73	-8289.45	-4144.73	0	0	0
-4144.73	-8289.45	-4144.73	0	0	0
-4144.73	-8289.45	-4144.73	0	0	0
-4144.73	-8289.45	-4144.73	0	0	0
-4144.73	-8289.45	-4144.73	0	0	0
-4144.73	-8289.45	-4144.73	0	0	0
-4144.73	-8289.45	-4144.73	0	0	0
-4095.68	-8191.35	-4095.68	0	0	0
-4095.68	-8191.35	-4095.68	0	0	0
-4095.68	-8191.35	-4095.68	0	0	0
-4095.68	-8191.35	-4095.68	0	0	0
-4095.68	-8191.35	-4095.68	0	0	0
-4095.68	-8191.35	-4095.68	0	0	0
-4095.68	-8191.35	-4095.68	0	0	0
-4095.68	-8191.35	-4095.68	0	0	0
-4095.68	-8191.35	-4095.68	0	0	0
-4095.68	-8191.35	-4095.68	0	0	0
-4095.68	-8191.35	-4095.68	0	0	0
-4095.68	-8191.35	-4095.68	0	0	0
-4046.63	-8093.25	-4046.63	0	0	0
-4046.63	-8093.25	-4046.63	0	0	0
-4046.63	-8093.25	-4046.63	0	0	0
-4046.63	-8093.25	-4046.63	0	0	0
-4046.63	-8093.25	-4046.63	0	0	0
-4046.63	-8093.25	-4046.63	0	0	0
-4046.63	-8093.25	-4046.63	0	0	0
-4046.63	-8093.25	-4046.63	0	0	0
-4046.63	-8093.25	-4046.63	0	0	0
-4046.63	-8093.25	-4046.63	0	0	0
-4046.63	-8093.25	-4046.63	0	0	0
-4046.63	-8093.25	-4046.63	0	0	0
-3997.58	-7995.15	-3997.58	0	0	0
-3997.58	-7995.15	-3997.58	0	0	0
-3997.58	-7995.15	-3997.58	0	0	0
-3997.58	-7995.15	-3997.58	0	0	0
-3997.58	-7995.15	-3997.58	0	0	0
-3997.58	-7995.15	-3997.58	0	0	0
-3997.58	-7995.15	-3997.58	0	0	0
-3997.58	-7995.15	-3997.58	0	0	0
-3997.58	-7995.15	-3997.58	0	0	0
-3997.58	-7995.15	-3997.58	0	0	0
-3997.58	-7995.15	-3997.58	0	0	0
-3997.58	-7995.15	-3997.58	0	0	0
-3948.53	-7897.05	-3948.53	0	0	0
-3948.53	-7897.05	-3948.53	0	0	0
-3948.53	-7897.05	-3948.53	0	0	0
-3948.53	-7897.05	-3948.53	0	0	0
-3948.53	-7897.05	-3948.53	0	0	0
-3948.53	-7897.05	-3948.53	0	0	0
-3948.53	-7897.05	-3948.53	0	0	0
-3948.53	-7897.05	-3948.53	0	0	0
-3948.53	-7897.05	-3948.53	0	0	0
-3948.53	-7897.05	-3948.53	0	0	0
-3948.53	-7897.05	-3948.53	0	0	0
-3948.53	-7897.05	-3948.53	0	0	0
-3899.48	-7798.95	-3899.48	0	0	0
-3899.48	-7798.95	-3899.48	0	0	0
-3899.48	-7798.95	-3899.48	0	0	0
-3899.48	-7798.95	-3899.48	0	0	0
-3899.48	-7798.95	-3899.48	0	0	0
-3899.48	-7798.95	-3899.48	0	0	0
-3899.48	-7798.95	-3899.48	0	0	0
-3899.48	-7798.95	-3899.48	0	0	0
-3899.48	-7798.95	-3899.48	0	0	0
-3899.48	-7798.95	-3899.48	0	0	0
-3899.48	-7798.95	-3899.48	0	0	0
-3899.48	-7798.95	-3899.48	0	0	0
-3850.43	-7700.85	-3850.43	0	0	0
-3850.43	-7700.85	-3850.43	0	0	0
-3850.43	-7700.85	-3850.43	0	0	0
-3850.43	-7700.85	-3850.43	0	0	0
-3850.43	-7700.85	-3850.43	0	0	0
-3850.43	-7700.85	-3850.43	0	0	0
-3850.43	-7700.85	-3850.43	0	0	0
-3850.43	-7700.85	-3850.43	0	0	0
-3850.43	-7700.85	-3850.43	0	0	0
-3850.43	-7700.85	-3850.43	0	0	0
-3850.43	-7700.85	-3850.43	0	0	0
-3850.43	-7700.85	-3850.43	0	0	0
-3801.38	-7602.75	-3801.38	0	0	0
-3801.38	-7602.75	-3801.38	0	0	0
-3801.38	-7602.75	-3801.38	0	0	0
-3801.38	-7602.75	-3801.38	0	0	0
-3801.38	-7602.75	-3801.38	0	0	0
-3801.38	-7602.75	-3801.38	0	0	0
-3801.38	-7602.75	-3801.38	0	0	0
-3801.38	-7602.75	-3801.38	0	0	0
-3801.38	-7602.75	-3801.38	0	0	0
-3801.38	-7602.75	-3801.38	0	0	0
-3801.38	-7602.75	-3801.38	0	0	0
-3801.38	-7602.75	-3801.38	0	0	0
-3752.33	-7504.65	-3752.33	0	0	0
-3752.33	-7504.65	-3752.33	0	0	0
-3752.33	-7504.65	-3752.33	0	0	0
-3752.33	-7504.65	-3752.33	0	0	0
-3752.33	-7504.65	-3752.33	0	0	0
-3752.33	-7504.65	-3752.33	0	0	0
-3752.33	-7504.65	-3752.33	0	0	0
-3752.33	-7504.65	-3752.33	0	0	0
-3752.33	-7504.65	-3752.33	0	0	0
-3752.33	-7504.65	-3752.33	0	0	0
-3752.33	-7504.65	-3752.33	0	0	0
-3752.33	-7504.65	-3752.33	0	0	0
-3703.28	-7406.55	-3703.28	0	0	0
-3703.28	-7406.55	-3703.28	0	0	0
-3703.28	-7406.55	-3703.28	0	0	0
-3703.28	-7406.55	-3703.28	0	0	0
-3703.28	-7406.55	-3703.28	0	0	0
-3703.28	-7406.55	-3703.28	0	0	0
-3703.28	-7406.55	-3703.28	0	0	0
-3703.28	-7406.55	-3703.28	0	0	0
-3703.28	-7406.55	-3703.28	0	0	0
-3703.28	-7406.55	-3703.28	0	0	0
-3703.28	-7406.55	-3703.28	0	0	0
-3703.28	-7406.55	-3703.28	0	0	0
-3654.23	-7308.45	-3654.23	0	0	0
-3654.23	-7308.45	-3654.23	0	0	0
-3654.23	-7308.45	-3654.23	0	0	0
-3654.23	-7308.45	-3654.23	0	0	0
-3654.23	-7308.45	-3654.23	0	0	0
-3654.23	-7308.45	-3654.23	0	0	0
-3654.23	-7308.45	-3654.23	0	0	0
-3654.23	-7308.45	-3654.23	0	0	0
-3654.23	-7308.45	-3654.23	0	0	0
-3654.23	-7308.45	-3654.23	0	0	0
-3654.23	-7308.45	-3654.23	0	0	0
-3654.23	-7308.45	-3654.23	0	0	0
-3605.18	-7210.35	-3605.18	0	0	0
-3605.18	-7210.35	-3605.18	0	0	0
-3605.18	-7210.35	-3605.18	0	0	0
-3605.18	-7210.35	-3605.18	0	0	0
-3605.18	-7210.35	-3605.18	0	0	0
-3605.18	-7210.35	-3605.18	0	0	0
-3605.18	-7210.35	-3605.18	0	0	0
-3605.18	-7210.35	-3605.18	0	0	0
-3605.18	-7210.35	-3605.18	0	0	0
-3605.18	-7210.35	-3605.18	0	0	0
-3605.18	-7210.35	-3605.18	0	0	0
-3605.18	-7210.35	-3605.18	0	0	0
-3556.13	-7112.25	-3556.13	0	0	0
-3556.13	-7112.25	-3556.13	0	0	0
-3556.13	-7112.25	-3556.13	0	0	0
-3556.13	-7112.25	-3556.13	0	0	0
-3556.13	-7112.25	-3556.13	0	0	0
-3556.13	-7112.25	-3556.13	0	0	0
-3556.13	-7112.25	-3556.13	0	0	0
-3556.13	-7112.25	-3556.13	0	0	0
-3556.13	-7112.25	-3556.13	0	0	0
-3556.13	-7112.25	-3556.13	0	0	0
-3556.13	-7112.25	-3556.13	0	0	0
-3556.13	-7112.25	-3556.13	0	0	0
-3507.08	-7014.15	-3507.08	0	0	0
-3507.08	-7014.15	-3507.08	0	0	0
-3507.08	-7014.15	-3507.08	0	0	0
-3507.08	-7014.15	-3507.08	0	0	0
-3507.08	-7014.15	-3507.08	0	0	0
-3507.08	-7014.15	-3507.08	0	0	0
-3507.08	-7014.15	-3507.08	0	0	0
-3507.08	-7014.15	-3507.08	0	0	0
-3507.08	-7014.15	-3507.08	0	0	0
-3507.08	-7014.15	-3507.08	0	0	0
-3507.08	-7014.15	-3507.08	0	0	0
-3507.08	-7014.15	-3507.08	0	0	0
-3458.03	-6916.05	-3458.03	0	0	0
-3458.03	-6916.05	-3458.03	0	0	0
-3458.03	-6916.05	-3458.03	0	0	0
-3458.03	-6916.05	-3458.03	0	0	0
-3458.03	-6916.05	-3458.03	0	0	0
-3458.03	-6916.05	-3458.03	0	0	0
-3458.03	-6916.05	-3458.03	0	0	0
-3458.03	-6916.05	-3458.03	0	0	0
-3458.03	-6916.05	-3458.03	0	0	0
-3458.03	-6916.05	-3458.03	0	0	0
-3458.03	-6916.05	-3458.03	0	0	0
-3458.03	-6916.05	-3458.03	0	0	0
-3408.98	-6817.95	-3408.98	0	0	0
-3408.98	-6817.95	-3408.98	0	0	0
-3408.98	-6817.95	-3408.98	0	0	0
-3408.98	-6817.95	-3408.98	0	0	0
-3408.98	-6817.95	-3408.98	0	0	0
-3408.98	-6817.95	-3408.98	0	0	0
-3408.98	-6817.95	-3408.98	0	0	0
-3408.98	-6817.95	-3408.98	0	0	0
-3408.98	-6817.95	-3408.98	0	0	0
-3408.98	-6817.95	-3408.98	0	0	0
-3408.98	-6817.95	-3408.98	0	0	0
-3408.98	-6817.95	-3408.98	0	0	0
-3359.93	-6719.85	-3359.93	0	0	0
-3359.93	-6719.85	-3359.93	0	0	0
-3359.93	-6719.85	-3359.93	0	0	0
-3359.93	-6719.85	-3359.93	0	0	0
-3359.93	-6719.85	-3359.93	0	0	0
-3359.93	-6719.85	-3359.93	0	0	0
-3359.93	-6719.85	-3359.93	0	0	0
-3359.93	-6719.85	-3359.93	0	0	0
-3359.93	-6719.85	-3359.93	0	0	0
-3359.93	-6719.85	-3359.93	0	0	0
-3359.93	-6719.85	-3359.93	0	0	0
-3359.93	-6719.85	-3359.93	0	0	0
-3310.88	-6621.75	-3310.88	0	0	0
-3310.88	-6621.75	-3310.88	0	0	0
-3310.88	-6621.75	-3310.88	0	0	0
-3310.88	-6621.75	-3310.88	0	0	0
-3310.88	-6621.75	-3310.88	0	0	0
-3310.88	-6621.75	-3310.88	0	0	0
-3310.88	-6621.75	-3310.88	0	0	0
-3310.88	-6621.75	-3310.88	0	0	0
-3310.88	-6621.75	-3310.88	0	0	0
-3310.88	-6621.75	-3310.88	0	0	0
-3310.88	-6621.75	-3310.88	0	0	0
-3310.88	-6621.75	-3310.88	0	0	0
-3261.83	-6523.65	-3261.83	0	0	0
-3261.83	-6523.65	-3261.83	0	0	0
-3261.83	-6523.65	-3261.83	0	0	0
-3261.83	-6523.65	-3261.83	0	0	0
-3261.83	-6523.65	-3261.83	0	0	0
-3261.83	-6523.65	-3261.83	0	0	0
-3261.83	-6523.65	-3261.83	0	0	0
-3261.83	-6523.65	-3261.83	0	0	0
-3261.83	-6523.65	-3261.83	0	0	0
-3261.83	-6523.65	-3261.83	0	0	0
-3261.83	-6523.65	-3261.83	0	0	0
-3261.83	-6523.65	-3261.83	0	0	0
-3212.78	-6425.55	-3212.78	0	0	0
-3212.78	-6425.55	-3212.78	0	0	0
-3212.78	-6425.55	-3212.78	0	0	0
-3212.78	-6425.55	-3212.78	0	0	0
-3212.78	-6425.55	-3212.78	0	0	0
-3212.78	-6425.55	-3212.78	0	0	0
-3212.78	-6425.55	-3212.78	0	0	0
-3212.78	-6425.55	-3212.78	0	0	0
-3212.78	-6425.55	-3212.78	0	0	0
-3212.78	-6425.55	-3212.78	0	0	0
-3212.78	-6425.55	-3212.78	0	0	0
-3212.78	-6425.55	-3212.78	0	0	0
-3163.73	-6327.45	-3163.73	0	0	0
-3163.73	-6327.45	-3163.73	0	0	0
-3163.73	-6327.45	-3163.73	0	0	0
-3163.73	-6327.45	-3163.73	0	0	0
-3163.73	-6327.45	-3163.73	0	0	0
-3163.73	-6327.45	-3163.73	0	0	0
-3163.73	-6327.45	-3163.73	0	0	0
-3163.73	-6327.45	-3163.73	0	0	0
-3163.73	-6327.45	-3163.73	0	0	0
-3163.73	-6327.45	-3163.73	0	0	0
-3163.73	-6327.45	-3163.73	0	0	0
-3163.73	-6327.45	-3163.73	0	0	0
-3114.68	-6229.35	-3114.68	0	0	0
-3114.68	-6229.35	-3114.68	0	0	0
-3114.68	-6229.35	-3114.68	0	0	0
-3114.68	-6229.35	-3114.68	0	0	0
-3114.68	-6229.35	-3114.68	0	0	0
-3114.68	-6229.35	-3114.68	0	0	0
-3114.68	-6229.35	-3114.68	0	0	0
-3114.68	-6229.35	-3114.68	0	0	0
-3114.68	-6229.35	-3114.68	0	0	0
-3114.68	-6229.35	-3114.68	0	0	0
-3114.68	-6229.35	-3114.68	0	0	0
-3114.68	-6229.35	-3114.68	0	0	0
-3065.62	-6131.25	-3065.62	0	0	0
-3065.62	-6131.25	-3065.62	0	0	0
-3065.62	-6131.25	-3065.62	0	0	0
-3065.62	-6131.25	-3065.62	0	0	0
-3065.62	-6131.25	-3065.62	0	0	0
-3065.62	-6131.25	-3065.62	0	0	0
-3065.62	-6131.25	-3065.62	0	0	0
-3065.62	-6131.25	-3065.62	0	0	0
-3065.62	-6131.25	-3065.62	0	0	0
-3065.62	-6131.25	-3065.62	0	0	0
-3065.62	-6131.25	-3065.62	0	0	0
-3065.62	-6131.25	-3065.62	0	0	0
-3016.58	-6033.15	-3016.58	0	0	0
-3016.58	-6033.15	-3016.58	0	0	0
-3016.58	-6033.15	-3016.58	0	0	0
-3016.58	-6033.15	-3016.58	0	0	0
-3016.58	-6033.15	-3016.58	0	0	0
-3016.58	-6033.15	-3016.58	0	0	0
-3016.58	-6033.15	-3016.58	0	0	0
-3016.58	-6033.15	-3016.58	0	0	0
-3016.58	-6033.15	-3016.58	0	0	0
-3016.58	-6033.15	-3016.58	0	0	0
-3016.58	-6033.15	-3016.58	0	0	0
-3016.58	-6033.15	-3016.58	0	0	0
-2967.53	-5935.05	-2967.53	0	0	0
-2967.53	-5935.05	-2967.53	0	0	0
-2967.53	-5935.05	-2967.53	0	0	0
-2967.53	-5935.05	-2967.53	0	0	0
-2967.53	-5935.05	-2967.53	0	0	0
-2967.53	-5935.05	-2967.53	0	0	0
-2967.53	-5935.05	-2967.53	0	0	0
-2967.53	-5935.05	-2967.53	0	0	0
-2967.53	-5935.05	-2967.53	0	0	0
-2967.53	-5935.05	-2967.53	0	0	0
-2967.53	-5935.05	-2967.53	0	0	0
-2967.53	-5935.05	-2967.53	0	0	0
-2918.48	-5836.95	-2918.48	0	0	0
-2918.48	-5836.95	-2918.48	0	0	0
-2918.48	-5836.95	-2918.48	0	0	0
-2918.48	-5836.95	-2918.48	0	0	0
-2918.48	-5836.95	-2918.48	0	0	0
-2918.48	-5836.95	-2918.48	0	0	0
-2918.48	-5836.95	-2918.48	0	0	0
-2918.48	-5836.95	-2918.48	0	0	0
-2918.48	-5836.95	-2918.48	0	0	0
-2918.48	-5836.95	-2918.48	0	0	0
-2918.48	-5836.95	-2918.48	0	0	0
-2918.48	-5836.95	-2918.48	0	0	0
-2869.43	-5738.85	-2869.43	0	0	0
-2869.43	-5738.85	-2869.43	0	0	0
-2869.43	-5738.85	-2869.43	0	0	0
-2869.43	-5738.85	-2869.43	0	0	0
-2869.43	-5738.85	-2869.43	0	0	0
-2869.43	-5738.85	-2869.43	0	0	0
-2869.43	-5738.85	-2869.43	0	0	0
-2869.43	-5738.85	-2869.43	0	0	0
-2869.43	-5738.85	-2869.43	0	0	0
-2869.43	-5738.85	-2869.43	0	0	0
-2869.43	-5738.85	-2869.43	0	0	0
-2869.43	-5738.85	-2869.43	0	0	0
-2820.38	-5640.75	-2820.38	0	0	0
-2820.38	-5640.75	-2820.38	0	0	0
-2820.38	-5640.75	-2820.38	0	0	0
-2820.38	-5640.75	-2820.38	0	0	0
-2820.38	-5640.75	-2820.38	0	0	0
-2820.38	-5640.75	-2820.38	0	0	0
-2820.38	-5640.75	-2820.38	0	0	0
-2820.38	-5640.75	-2820.38	0	0	0
-2820.38	-5640.75	-2820.38	0	0	0
-2820.38	-5640.75	-2820.38	0	0	0
-2820.38	-5640.75	-2820.38	0	0	0
-2820.38	-5640.75	-2820.38	0	0	0
-2771.33	-5542.65	-2771.33	0	0	0
-2771.33	-5542.65	-2771.33	0	0	0
-2771.33	-5542.65	-2771.33	0	0	0
-2771.33	-5542.65	-2771.33	0	0	0
-2771.33	-5542.65	-2771.33	0	0	0
-2771.33	-5542.65	-2771.33	0	0	0
-2771.33	-5542.65	-2771.33	0	0	0
-2771.33	-5542.65	-2771.33	0	0	0
-2771.33	-5542.65	-2771.33	0	0	0
-2771.33	-5542.65	-2771.33	0	0	0
-2771.33	-5542.65	-2771.33	0	0	0
-2771.33	-5542.65	-2771.33	0	0	0
-2722.28	-5444.55	-2722.28	0	0	0
-2722.28	-5444.55	-2722.28	0	0	0
-2722.28	-5444.55	-2722.28	0	0	0
-2722.28	-5444.55	-2722.28	0	0	0
-2722.28	-5444.55	-2722.28	0	0	0
-2722.28	-5444.55	-2722.28	0	0	0
-2722.28	-5444.55	-2722.28	0	0	0
-2722.28	-5444.55	-2722.28	0	0	0
-2722.28	-5444.55	-2722.28	0	0	0
-2722.28	-5444.55	-2722.28	0	0	0
-2722.28	-5444.55	-2722.28	0	0	0
-2722.28	-5444.55	-2722.28	0	0	0
-2673.23	-5346.45	-2673.23	0	0	0
-2673.23	-5346.45	-2673.23	0	0	0
-2673.23	-5346.45	-2673.23	0	0	0
-2673.23	-5346.45	-2673.23	0	0	0
-2673.23	-5346.45	-2673.23	0	0	0
-2673.23	-5346.45	-2673.23	0	0	0
-2673.23	-5346.45	-2673.23	0	0	0
-2673.23	-5346.45	-2673.23	0	0	0
-2673.23	-5346.45	-2673.23	0	0	0
-2673.23	-5346.45	-2673.23	0	0	0
-2673.23	-5346.45	-2673.23	0	0	0
-2673.23	-5346.45	-2673.23	0	0	0
-2624.18	-5248.35	-2624.18	0	0	0
-2624.18	-5248.35	-2624.18	0	0	0
-2624.18	-5248.35	-2624.18	0	0	0
-2624.18	-5248.35	-2624.18	0	0	0
-2624.18	-5248.35	-2624.18	0	0	0
-2624.18	-5248.35	-2624.18	0	0	0
-2624.18	-5248.35	-2624.18	0	0	0
-2624.18	-5248.35	-2624.18	0	0	0
-2624.18	-5248.35	-2624.18	0	0	0
-2624.18	-5248.35	-2624.18	0	0	0
-2624.18	-5248.35	-2624.18	0	0	0
-2624.18	-5248.35	-2624.18	0	0	0
-2575.13	-5150.25	-2575.13	0	0	0
-2575.13	-5150.25	-2575.13	0	0	0
-2575.13	-5150.25	-2575.13	0	0	0
-2575.13	-5150.25	-2575.13	0	0	0
-2575.13	-5150.25	-2575.13	0	0	0
-2575.13	-5150.25	-2575.13	0	0	0
-2575.13	-5150.25	-2575.13	0	0	0
-2575.13	-5150.25	-2575.13	0	0	0
-2575.13	-5150.25	-2575.13	0	0	0
-2575.13	-5150.25	-2575.13	0	0	0
-2575.13	-5150.25	-2575.13	0	0	0
-2575.13	-5150.25	-2575.13	0	0	0
-2526.08	-5052.15	-2526.08	0	0	0
-2526.08	-5052.15	-2526.08	0	0	0
-2526.08	-5052.15	-2526.08	0	0	0
-2526.08	-5052.15	-2526.08	0	0	0
-2526.08	-5052.15	-2526.08	0	0	0
-2526.08	-5052.15	-2526.08	0	0	0
-2526.08	-5052.15	-2526.08	0	0	0
-2526.08	-5052.15	-2526.08	0	0	0
-2526.08	-5052.15	-2526.08	0	0	0
-2526.08	-5052.15	-2526.08	0	0	0
-2526.08	-5052.15	-2526.08	0	0	0
-2526.08	-5052.15	-2526.08	0	0	0
-2477.03	-4954.05	-2477.03	0	0	0
-2477.03	-4954.05	-2477.03	0	0	0
-2477.03	-4954.05	-2477.03	0	0	0
-2477.03	-4954.05	-2477.03	0	0	0
-2477.03	-4954.05	-2477.03	0	0	0
-2477.03	-4954.05	-2477.03	0	0	0
-2477.03	-4954.05	-2477.03	0	0	0
-2477.03	-4954.05	-2477.03	0	0	0
-2477.03	-4954.05	-2477.03	0	0	0
-2477.03	-4954.05	-2477.03	0	0	0
-2477.03	-4954.05	-2477.03	0	0	0
-2477.03	-4954.05	-2477.03	0	0	0
-2427.98	-4855.95	-2427.98	0	0	0
-2427.98	-4855.95	-2427.98	0	0	0
-2427.98	-4855.95	-2427.98	0	0	0
-2427.98	-4855.95	-2427.98	0	0	0
-2427.98	-4855.95	-2427.98	0	0	0
-2427.98	-4855.95	-2427.98	0	0	0
-2427.98	-4855.95	-2427.98	0	0	0
-2427.98	-4855.95	-2427.98	0	0	0
-2427.98	-4855.95	-2427.98	0	0	0
-2427.98	-4855.95	-2427.98	0	0	0
-2427.98	-4855.95	-2427.98	0	0	0
-2427.98	-4855.95	-2427.98	0	0	0
-2378.93	-4757.85	-2378.93	0	0	0
-2378.93	-4757.85	-2378.93	0	0	0
-2378.93	-4757.85	-2378.93	0	0	0
-2378.93	-4757.85	-2378.93	0	0	0
-2378.93	-4757.85	-2378.93	0	0	0
-2378.93	-4757.85	-2378.93	0	0	0
-2378.93	-4757.85	-2378.93	0	0	0
-2378.93	-4757.85	-2378.93	0	0	0
-2378.93	-4757.85	-2378.93	0	0	0
-2378.93	-4757.85	-2378.93	0	0	0
-2378.93	-4757.85	-2378.93	0	0	0
-2378.93	-4757.85	-2378.93	0	0	0
-2329.88	-4659.75	-2329.88	0	0	0
-2329.88	-4659.75	-2329.88	0	0	0
-2329.88	-4659.75	-2329.88	0	0	0
-2329.88	-4659.75	-2329.88	0	0	0
-2329.88	-4659.75	-2329.88	0	0	0
-2329.88	-4659.75	-2329.88	0	0	0
-2329.88	-4659.75	-2329.88	0	0	0
-2329.88	-4659.75	-2329.88	0	0	0
-2329.88	-4659.75	-2329.88	0	0	0
-2329.88	-4659.75	-2329.88	0	0	0
-2329.88	-4659.75	-2329.88	0	0	0
-2329.88	-4659.75	-2329.88	0	0	0
-2280.83	-4561.65	-2280.83	0	0	0
-2280.83	-4561.65	-2280.83	0	0	0
-2280.83	-4561.65	-2280.83	0	0	0
-2280.83	-4561.65	-2280.83	0	0	0
-2280.83	-4561.65	-2280.83	0	0	0
-2280.83	-4561.65	-2280.83	0	0	0
-2280.83	-4561.65	-2280.83	0	0	0
-2280.83	-4561.65	-2280.83	0	0	0
-2280.83	-4561.65	-2280.83	0	0	0
-2280.83	-4561.65	-2280.83	0	0	0
-2280.83	-4561.65	-2280.83	0	0	0
-2280.83	-4561.65	-2280.83	0	0	0
-2231.78	-4463.55	-2231.78	0	0	0
-2231.78	-4463.55	-2231.78	0	0	0
-2231.78	-4463.55	-2231.78	0	0	0
-2231.78	-4463.55	-2231.78	0	0	0
-2231.78	-4463.55	-2231.78	0	0	0
-2231.78	-4463.55	-2231.78	0	0	0
-2231.78	-4463.55	-2231.78	0	0	0
-2231.78	-4463.55	-2231.78	0	0	0
-2231.78	-4463.55	-2231.78	0	0	0
-2231.78	-4463.55	-2231.78	0	0	0
-2231.78	-4463.55	-2231.78	0	0	0
-2231.78	-4463.55	-2231.78	0	0	0
-2182.73	-4365.45	-2182.73	0	0	0
-2182.73	-4365.45	-2182.73	0	0	0
-2182.73	-4365.45	-2182.73	0	0	0
-2182.73	-4365.45	-2182.73	0	0	0
-2182.73	-4365.45	-2182.73	0	0	0
-2182.73	-4365.45	-2182.73	0	0	0
-2182.73	-4365.45	-2182.73	0	0	0
-2182.73	-4365.45	-2182.73	0	0	0
-2182.73	-4365.45	-2182.73	0	0	0
-2182.73	-4365.45	-2182.73	0	0	0
-2182.73	-4365.45	-2182.73	0	0	0
-2182.73	-4365.45	-2182.73	0	0	0
-2133.68	-4267.35	-2133.68	0	0	0
-2133.68	-4267.35	-2133.68	0	0	0
-2133.68	-4267.35	-2133.68	0	0	0
-2133.68	-4267.35	-2133.68	0	0	0
-2133.68	-4267.35	-2133.68	0	0	0
-2133.68	-4267.35	-2133.68	0	0	0
-2133.68	-4267.35	-2133.68	0	0	0
-2133.68	-4267.35	-2133.68	0	0	0
-2133.68	-4267.35	-2133.68	0	0	0
-2133.68	-4267.35	-2133.68	0	0	0
-2133.68	-4267.35	-2133.68	0	0	0
-2133.68	-4267.35	-2133.68	0	0	0
-2084.63	-4169.25	-2084.63	0	0	0
-2084.63	-4169.25	-2084.63	0	0	0
-2084.63	-4169.25	-2084.63	0	0	0
-2084.63	-4169.25	-2084.63	0	0	0
-2084.63	-4169.25	-2084.63	0	0	0
-2084.63	-4169.25	-2084.63	0	0	0
-2084.63	-4169.25	-2084.63	0	0	0
-2084.63	-4169.25	-2084.63	0	0	0
-2084.63	-4169.25	-2084.63	0	0	0
-2084.63	-4169.25	-2084.63	0	0	0
-2084.63	-4169.25	-2084.63	0	0	0
-2084.63	-4169.25	-2084.63	0	0	0
-2035.58	-4071.15	-2035.58	0	0	0
-2035.58	-4071.15	-2035.58	0	0	0
-2035.58	-4071.15	-2035.58	0	0	0
-2035.58	-4071.15	-2035.58	0	0	0
-2035.58	-4071.15	-2035.58	0	0	0
-2035.58	-4071.15	-2035.58	0	0	0
-2035.58	-4071.15	-2035.58	0	0	0
-2035.58	-4071.15	-2035.58	0	0	0
-2035.58	-4071.15	-2035.58	0	0	0
-2035.58	-4071.15	-2035.58	0	0	0
-2035.58	-4071.15	-2035.58	0	0	0
-2035.58	-4071.15	-2035.58	0	0	0
-1986.53	-3973.05	-1986.53	0	0	0
-1986.53	-3973.05	-1986.53	0	0	0
-1986.53	-3973.05	-1986.53	0	0	0
-1986.53	-3973.05	-1986.53	0	0	0
-1986.53	-3973.05	-1986.53	0	0	0
-1986.53	-3973.05	-1986.53	0	0	0
-1986.53	-3973.05	-1986.53	0	0	0
-1986.53	-3973.05	-1986.53	0	0	0
-1986.53	-3973.05	-1986.53	0	0	0
-1986.53	-3973.05	-1986.53	0	0	0
-1986.53	-3973.05	-1986.53	0	0	0
-1986.53	-3973.05	-1986.53	0	0	0
-1937.48	-3874.95	-1937.48	0	0	0
-1937.48	-3874.95	-1937.48	0	0	0
-1937.48	-3874.95	-1937.48	0	0	0
-1937.48	-3874.95	-1937.48	0	0	0
-1937.48	-3874.95	-1937.48	0	0	0
-1937.48	-3874.95	-1937.48	0	0	0
-1937.48	-3874.95	-1937.48	0	0	0
-1937.48	-3874.95	-1937.48	0	0	0
-1937.48	-3874.95	-1937.48	0	0	0
-1937.48	-3874.95	-1937.48	0	0	0
-1937.48	-3874.95	-1937.48	0	0	0
-1937.48	-3874.95	-1937.48	0	0	0
-1888.43	-3776.85	-1888.43	0	0	0
-1888.43	-3776.85	-1888.43	0	0	0
-1888.43	-3776.85	-1888.43	0	0	0
-1888.43	-3776.85	-1888.43	0	0	0
-1888.43	-3776.85	-1888.43	0	0	0
-1888.43	-3776.85	-1888.43	0	0	0
-1888.43	-3776.85	-1888.43	0	0	0
-1888.43	-3776.85	-1888.43	0	0	0
-1888.43	-3776.85	-1888.43	0	0	0
-1888.43	-3776.85	-1888.43	0	0	0
-1888.43	-3776.85	-1888.43	0	0	0
-1888.43	-3776.85	-1888.43	0	0	0
-1839.38	-3678.75	-1839.38	0	0	0
-1839.38	-3678.75	-1839.38	0	0	0
-1839.38	-3678.75	-1839.38	0	0	0
-1839.38	-3678.75	-1839.38	0	0	0
-1839.38	-3678.75	-1839.38	0	0	0
-1839.38	-3678.75	-1839.38	0	0	0
-1839.38	-3678.75	-1839.38	0	0	0
-1839.38	-3678.75	-1839.38	0	0	0
-1839.38	-3678.75	-1839.38	0	0	0
-1839.38	-3678.75	-1839.38	0	0	0
-1839.38	-3678.75	-1839.38	0	0	0
-1839.38	-3678.75	-1839.38	0	0	0
-1790.33	-3580.65	-1790.33	0	0	0
-1790.33	-3580.65	-1790.33	0	0	0
-1790.33	-3580.65	-1790.33	0	0	0
-1790.33	-3580.65	-1790.33	0	0	0
-1790.33	-3580.65	-1790.33	0	0	0
-1790.33	-3580.65	-1790.33	0	0	0
-1790.33	-3580.65	-1790.33	0	0	0
-1790.33	-3580.65	-1790.33	0	0	0
-1790.33	-3580.65	-1790.33	0	0	0
-1790.33	-3580.65	-1790.33	0	0	0
-1790.33	-3580.65	-1790.33	0	0	0
-1790.33	-3580.65	-1790.33	0	0	0
-1741.28	-3482.55	-1741.28	0	0	0
-1741.28	-3482.55	-1741.28	0	0	0
-1741.28	-3482.55	-1741.28	0	0	0
-1741.28	-3482.55	-1741.28	0	0	0
-1741.28	-3482.55	-1741.28	0	0	0
-1741.28	-3482.55	-1741.28	0	0	0
-1741.28	-3482.55	-1741.28	0	0	0
-1741.28	-3482.55	-1741.28	0	0	0
-1741.28	-3482.55	-1741.28	0	0	0
-1741.28	-3482.55	-1741.28	0	0	0
-1741.28	-3482.55	-1741.28	0	0	0
-1741.28	-3482.55	-1741.28	0	0	0
-1692.23	-3384.45	-1692.23	0	0	0
-1692.23	-3384.45	-1692.23	0	0	0
-1692.23	-3384.45	-1692.23	0	0	0
-1692.23	-3384.45	-1692.23	0	0	0
-1692.23	-3384.45	-1692.23	0	0	0
-1692.23	-3384.45	-1692.23	0	0	0
-1692.23	-3384.45	-1692.23	0	0	0
-1692.23	-3384.45	-1692.23	0	0	0
-1692.23	-3384.45	-1692.23	0	0	0
-1692.23	-3384.45	-1692.23	0	0	0
-1692.23	-3384.45	-1692.23	0	0	0
-1692.23	-3384.45	-1692.23	0	0	0
-1643.17	-3286.35	-1643.17	0	0	0
-1643.17	-3286.35	-1643.17	0	0	0
-1643.17	-3286.35	-1643.17	0	0	0
-1643.17	-3286.35	-1643.17	0	0	0
-1643.17	-3286.35	-1643.17	0	0	0
-1643.17	-3286.35	-1643.17	0	0	0
-1643.17	-3286.35	-1643.17	0	0	0
-1643.17	-3286.35	-1643.17	0	0	0
-1643.17	-3286.35	-1643.17	0	0	0
-1643.17	-3286.35	-1643.17	0	0	0
-1643.17	-3286.35	-1643.17	0	0	0
-1643.17	-3286.35	-1643.17	0	0	0
-1594.13	-3188.25	-1594.13	0	0	0
-1594.13	-3188.25	-1594.13	0	0	0
-1594.13	-3188.25	-1594.13	0	0	0
-1594.13	-3188.25	-1594.13	0	0	0
-1594.13	-3188.25	-1594.13	0	0	0
-1594.13	-3188.25	-1594.13	0	0	0
-1594.13	-3188.25	-1594.13	0	0	0
-1594.13	-3188.25	-1594.13	0	0	0
-1594.13	-3188.25	-1594.13	0	0	0
-1594.13	-3188.25	-1594.13	0	0	0
-1594.13	-3188.25	-1594.13	0	0	0
-1594.13	-3188.25	-1594.13	0	0	0
-1545.08	-3090.15	-1545.08	0	0	0
-1545.08	-3090.15	-1545.08	0	0	0
-1545.08	-3090.15	-1545.08	0	0	0
-1545.08	-3090.15	-1545.08	0	0	0
-1545.08	-3090.15	-1545.08	0	0	0
-1545.08	-3090.15	-1545.08	0	0	0
-1545.08	-3090.15	-1545.08	0	0	0
-1545.08	-3090.15	-1545.08	0	0	0
-1545.08	-3090.15	-1545.08	0	0	0
-1545.08	-3090.15	-1545.08	0	0	0
-1545.08	-3090.15	-1545.08	0	0	0
-1545.08	-3090.15	-1545.08	0	0	0
-1496.03	-2992.05	-1496.03	0	0	0
-1496.03	-2992.05	-1496.03	0	0	0
-1496.03	-2992.05	-1496.03	0	0	0
-1496.03	-2992.05	-1496.03	0	0	0
-1496.03	-2992.05	-1496.03	0	0	0
-1496.03	-2992.05	-1496.03	0	0	0
-1496.03	-2992.05	-1496.03	0	0	0
-1496.03	-2992.05	-1496.03	0	0	0
-1496.03	-2992.05	-1496.03	0	0	0
-1496.03	-2992.05	-1496.03	0	0	0
-1496.03	-2992.05	-1496.03	0	0	0
-1496.03	-2992.05	-1496.03	0	0	0
-1446.98	-2893.95	-1446.98	0	0	0
-1446.98	-2893.95	-1446.98	0	0	0
-1446.98	-2893.95	-1446.98	0	0	0
-1446.98	-2893.95	-1446.98	0	0	0
-1446.98	-2893.95	-1446.98	0	0	0
-1446.98	-2893.95	-1446.98	0	0	0
-1446.98	-2893.95	-1446.98	0	0	0
-1446.98	-2893.95	-1446.98	0	0	0
-1446.98	-2893.95	-1446.98	0	0	0
-1446.98	-2893.95	-1446.98	0	0	0
-1446.98	-2893.95	-1446.98	0	0	0
-1446.98	-2893.95	-1446.98	0	0	0
-1397.93	-2795.85	-1397.93	0	0	0
-1397.93	-2795.85	-1397.93	0	0	0
-1397.93	-2795.85	-1397.93	0	0	0
-1397.93	-2795.85	-1397.93	0	0	0
-1397.93	-2795.85	-1397.93	0	0	0
-1397.93	-2795.85	-1397.93	0	0	0
-1397.93	-2795.85	-1397.93	0	0	0
-1397.93	-2795.85	-1397.93	0	0	0
-1397.93	-2795.85	-1397.93	0	0	0
-1397.93	-2795.85	-1397.93	0	0	0
-1397.93	-2795.85	-1397.93	0	0	0
-1397.93	-2795.85	-1397.93	0	0	0
-1348.88	-2697.75	-1348.88	0	0	0
-1348.88	-2697.75	-1348.88	0	0	0
-1348.88	-2697.75	-1348.88	0	0	0
-1348.88	-2697.75	-1348.88	0	0	0
-1348.88	-2697.75	-1348.88	0	0	0
-1348.88	-2697.75	-1348.88	0	0	0
-1348.88	-2697.75	-1348.88	0	0	0
-1348.88	-2697.75	-1348.88	0	0	0
-1348.88	-2697.75	-1348.88	0	0	0
-1348.88	-2697.75	-1348.88	0	0	0
-1348.88	-2697.75	-1348.88	0	0	0
-1348.88	-2697.75	-1348.88	0	0	0
-1299.83	-2599.65	-1299.83	0	0	0
-1299.83	-2599.65	-1299.83	0	0	0
-1299.83	-2599.65	-1299.83	0	0	0
-1299.83	-2599.65	-1299.83	0	0	0
-1299.83	-2599.65	-1299.83	0	0	0
-1299.83	-2599.65	-1299.83	0	0	0
-1299.83	-2599.65	-1299.83	0	0	0
-1299.83	-2599.65	-1299.83	0	0	0
-1299.83	-2599.65	-1299.83	0	0	0
-1299.83	-2599.65	-1299.83	0	0	0
-1299.83	-2599.65	-1299.83	0	0	0
-1299.83	-2599.65	-1299.83	0	0	0
-1250.78	-2501.55	-1250.78	0	0	0
-1250.78	-2501.55	-1250.78	0	0	0
-1250.78	-2501.55	-1250.78	0	0	0
-1250.78	-2501.55	-1250.78	0	0	0
-1250.78	-2501.55	-1250.78	0	0	0
-1250.78	-2501.55	-1250.78	0	0	0
-1250.78	-2501.55	-1250.78	0	0	0
-1250.78	-2501.55	-1250.78	0	0	0
-1250.78	-2501.55	-1250.78	0	0	0
-1250.78	-2501.55	-1250.78	0	0	0
-1250.78	-2501.55	-1250.78	0	0	0
-1250.78	-2501.55	-1250.78	0	0	0
-1201.73	-2403.45	-1201.73	0	0	0
-1201.73	-2403.45	-1201.73	0	0	0
-1201.73	-2403.45	-1201.73	0	0	0
-1201.73	-2403.45	-1201.73	0	0	0
-1201.73	-2403.45	-1201.73	0	0	0
-1201.73	-2403.45	-1201.73	0	0	0
-1201.73	-2403.45	-1201.73	0	0	0
-1201.73	-2403.45	-1201.73	0	0	0
-1201.73	-2403.45	-1201.73	0	0	0
-1201.73	-2403.45	-1201.73	0	0	0
-1201.73	-2403.45	-1201.73	0	0	0
-1201.73	-2403.45	-1201.73	0	0	0
-1152.68	-2305.35	-1152.68	0	0	0
-1152.68	-2305.35	-1152.68	0	0	0
-1152.68	-2305.35	-1152.68	0	0	0
-1152.68	-2305.35	-1152.68	0	0	0
-1152.68	-2305.35	-1152.68	0	0	0
-1152.68	-2305.35	-1152.68	0	0	0
-1152.68	-2305.35	-1152.68	0	0	0
-1152.68	-2305.35	-1152.68	0	0	0
-1152.68	-2305.35	-1152.68	0	0	0
-1152.68	-2305.35	-1152.68	0	0	0
-1152.68	-2305.35	-1152.68	0	0	0
-1152.68	-2305.35	-1152.68	0	0	0
-1103.63	-2207.25	-1103.63	0	0	0
-1103.63	-2207.25	-1103.63	0	0	0
-1103.63	-2207.25	-1103.63	0	0	0
-1103.63	-2207.25	-1103.63	0	0	0
-1103.63	-2207.25	-1103.63	0	0	0
-1103.63	-2207.25	-1103.63	0	0	0
-1103.63	-2207.25	-1103.63	0	0	0
-1103.63	-2207.25	-1103.63	0	0	0
-1103.63	-2207.25	-1103.63	0	0	0
-1103.63	-2207.25	-1103.63	0	0	0
-1103.63	-2207.25	-1103.63	0	0	0
-1103.63	-2207.25	-1103.63	0	0	0
-1054.58	-2109.15	-1054.58	0	0	0
-1054.58	-2109.15	-1054.58	0	0	0
-1054.58	-2109.15	-1054.58	0	0	0
-1054.58	-2109.15	-1054.58	0	0	0
-1054.58	-2109.15	-1054.58	0	0	0
-1054.58	-2109.15	-1054.58	0	0	0
-1054.58	-2109.15	-1054.58	0	0	0
-1054.58	-2109.15	-1054.58	0	0	0
-1054.58	-2109.15	-1054.58	0	0	0
-1054.58	-2109.15	-1054.58	0	0	0
-1054.58	-2109.15	-1054.58	0	0	0
-1054.58	-2109.15	-1054.58	0	0	0
-1005.53	-2011.05	-1005.53	0	0	0
-1005.53	-2011.05	-1005.53	0	0	0
-1005.53	-2011.05	-1005.53	0	0	0
-1005.53	-2011.05	-1005.53	0	0	0
-1005.53	-2011.05	-1005.53	0	0	0
-1005.53	-2011.05	-1005.53	0	0	0
-1005.53	-2011.05	-1005.53	0	0	0
-1005.53	-2011.05	-1005.53	0	0	0
-1005.53	-2011.05	-1005.53	0	0	0
-1005.53	-2011.05	-1005.53	0	0	0
-1005.53	-2011.05	-1005.53	0	0	0
-1005.53	-2011.05	-1005.53	0	0	0
-956.475	-1912.95	-956.475	0	0	0
-956.475	-1912.95	-956.475	0	0	0
-956.475	-1912.95	-956.475	0	0	0
-956.475	-1912.95	-956.475	0	0	0
-956.475	-1912.95	-956.475	0	0	0
-956.475	-1912.95	-956.475	0	0	0
-956.475	-1912.95	-956.475	0	0	0
-956.475	-1912.95	-956.475	0	0	0
-956.475	-1912.95	-956.475	0	0	0
-956.475	-1912.95	-956.475	0	0	0
-956.475	-1912.95	-956.475	0	0	0
-956.475	-1912.95	-956.475	0	0	0
-907.425	-1814.85	-907.425	0	0	0
-907.425	-1814.85	-907.425	0	0	0
-907.425	-1814.85	-907.425	0	0	0
-907.425	-1814.85	-907.425	0	0	0
-907.425	-1814.85	-907.425	0	0	0
-907.425	-1814.85	-907.425	0	0	0
-907.425	-1814.85	-907.425	0	0	0
-907.425	-1814.85	-907.425	0	0	0
-907.425	-1814.85	-907.425	0	0	0
-907.425	-1814.85	-907.425	0	0	0
-907.425	-1814.85	-907.425	0	0	0
-907.425	-1814.85	-907.425	0	0	0
-858.375	-1716.75	-858.375	0	0	0
-858.375	-1716.75	-858.375	0	0	0
-858.375	-1716.75	-858.375	0	0	0
-858.375	-1716.75	-858.375	0	0	0
-858.375	-1716.75	-858.375	0	0	0
-858.375	-1716.75	-858.375	0	0	0
-858.375	-1716.75	-858.375	0	0	0
-858.375	-1716.75	-858.375	0	0	0
-858.375	-1716.75	-858.375	0	0	0
-858.375	-1716.75	-858.375	0	0	0
-858.375	-1716.75	-858.375	0	0	0
-858.375	-1716.75	-858.375	0	0	0
-809.325	-1618.65	-809.325	0	0	0
-809.325	-1618.65	-809.325	0	0	0
-809.325	-1618.65	-809.325	0	0	0
-809.325	-1618.65	-809.325	0	0	0
-809.325	-1618.65	-809.325	0	0	0
-809.325	-1618.65	-809.325	0	0	0
-809.325	-1618.65	-809.325	0	0	0
-809.325	-1618.65	-809.325	0	0	0
-809.325	-1618.65	-809.325	0	0	0
-809.325	-1618.65	-809.325	0	0	0
-809.325	-1618.65	-809.325	0	0	0
-809.325	-1618.65	-809.325	0	0	0
-760.275	-1520.55	-760.275	0	0	0
-760.275	-1520.55	-760.275	0	0	0
-760.275	-1520.55	-760.275	0	0	0
-760.275	-1520.55	-760.275	0	0	0
-760.275	-1520.55	-760.275	0	0	0
-760.275	-1520.55	-760.275	0	0	0
-760.275	-1520.55	-760.275	0	0	0
-760.275	-1520.55	-760.275	0	0	0
-760.275	-1520.55	-760.275	0	0	0
-760.275	-1520.55	-760.275	0	0	0
-760.275	-1520.55	-760.275	0	0	0
-760.275	-1520.55	-760.275	0	0	0
-711.225	-1422.45	-711.225	0	0	0
-711.225	-1422.45	-711.225	0	0	0
-711.225	-1422.45	-711.225	0	0	0
-711.225	-1422.45	-711.225	0	0	0
-711.225	-1422.45	-711.225	0	0	0
-711.225	-1422.45	-711.225	0	0	0
-711.225	-1422.45	-711.225	0	0	0
-711.225	-1422.45	-711.225	0	0	0
-711.225	-1422.45	-711.225	0	0	0
-711.225	-1422.45	-711.225	0	0	0
-711.225	-1422.45	-711.225	0	0	0
-711.225	-1422.45	-711.225	0	0	0
-662.175	-1324.35	-662.175	0	0	0
-662.175	-1324.35	-662.175	0	0	0
-662.175	-1324.35	-662.175	0	0	0
-662.175	-1324.35	-662.175	0	0	0
-662.175	-1324.35	-662.175	0	0	0
-662.175	-1324.35	-662.175	0	0	0
-662.175	-1324.35	-662.175	0	0	0
-662.175	-1324.35	-662.175	0	0	0
-662.175	-1324.35	-662.175	0	0	0
-662.175	-1324.35	-662.175	0	0	0
-662.175	-1324.35	-662.175	0	0	0
-662.175	-1324.35	-662.175	0	0	0
-613.125	-1226.25	-613.125	0	0	0
-613.125	-1226.25	-613.125	0	0	0
-613.125	-1226.25	-613.125	0	0	0
-613.125	-1226.25	-613.125	0	0	0
-613.125	-1226.25	-613.125	0	0	0
-613.125	-1226.25	-613.125	0	0	0
-613.125	-1226.25	-613.125	0	0	0
-613.125	-1226.25	-613.125	0	0	0
-613.125	-1226.25	-613.125	0	0	0
-613.125	-1226.25	-613.125	0	0	0
-613.125	-1226.25	-613.125	0	0	0
-613.125	-1226.25	-613.125	0	0	0
-564.075	-1128.15	-564.075	0	0	0
-564.075	-1128.15	-564.075	0	0	0
-564.075	-1128.15	-564.075	0	0	0
-564.075	-1128.15	-564.075	0	0	0
-564.075	-1128.15	-564.075	0	0	0
-564.075	-1128.15	-564.075	0	0	0
-564.075	-1128.15	-564.075	0	0	0
-564.075	-1128.15	-564.075	0	0	0
-564.075	-1128.15	-564.075	0	0	0
-564.075	-1128.15	-564.075	0	0	0
-564.075	-1128.15	-564.075	0	0	0
-564.075	-1128.15	-564.075	0	0	0
-515.025	-1030.05	-515.025	0	0	0
-515.025	-1030.05	-515.025	0	0	0
-515.025	-1030.05	-515.025	0	0	0
-515.025	-1030.05	-515.025	0	0	0
-515.025	-1030.05	-515.025	0	0	0
-515.025	-1030.05	-515.025	0	0	0
-515.025	-1030.05	-515.025	0	0	0
-515.025	-1030.05	-515.025	0	0	0
-515.025	-1030.05	-515.025	0	0	0
-515.025	-1030.05	-515.025	0	0	0
-515.025	-1030.05	-515.025	0	0	0
-515.025	-1030.05	-515.025	0	0	0
-465.975	-931.95	-465.975	0	0	0
-465.975	-931.95	-465.975	0	0	0
-465.975	-931.95	-465.975	0	0	0
-465.975	-931.95	-465.975	0	0	0
-465.975	-931.95	-465.975	0	0	0
-465.975	-931.95	-465.975	0	0	0
-465.975	-931.95	-465.975	0	0	0
-465.975	-931.95	-465.975	0	0	0
-465.975	-931.95	-465.975	0	0	0
-465.975	-931.95	-465.975	0	0	0
-465.975	-931.95	-465.975	0	0	0
-465.975	-931.95	-465.975	0	0	0
-416.925	-833.85	-416.925	0	0	0
-416.925	-833.85	-416.925	0	0	0
-416.925	-833.85	-416.925	0	0	0
-416.925	-833.85	-416.925	0	0	0
-416.925	-833.85	-416.925	0	0	0
-416.925	-833.85	-416.925	0	0	0
-416.925	-833.85	-416.925	0	0	0
-416.925	-833.85	-416.925	0	0	0
-416.925	-833.85	-416.925	0	0	0
-416.925	-833.85	-416.925	0	0	0
-416.925	-833.85	-416.925	0	0	0
-416.925	-833.85	-416.925	0	0	0
-367.875	-735.75	-367.875	0	0	0
-367.875	-735.75	-367.875	0	0	0
-367.875	-735.75	-367.875	0	0	0
-367.875	-735.75	-367.875	0	0	0
-367.875	-735.75	-367.875	0	0	0
-367.875	-735.75	-367.875	0	0	0
-367.875	-735.75	-367.875	0	0	0
-367.875	-735.75	-367.875	0	0	0
-367.875	-735.75	-367.875	0	0	0
-367.875	-735.75	-367.875	0	0	0
-367.875	-735.75	-367.875	0	0	0
-367.875	-735.75	-367.875	0	0	0
-318.825	-637.65	-318.825	0	0	0
-318.825	-637.65	-318.825	0	0	0
-318.825	-637.65	-318.825	0	0	0
-318.825	-637.65	-318.825	0	0	0
-318.825	-637.65	-318.825	0	0	0
-318.825	-637.65	-318.825	0	0	0
-318.825	-637.65	-318.825	0	0	0
-318.825	-637.65	-318.825	0	0	0
-318.825	-637.65	-318.825	0	0	0
-318.825	-637.65	-318.825	0	0	0
-318.825	-637.65	-318.825	0	0	0
-318.825	-637.65	-318.825	0	0	0
-269.775	-539.55	-269.775	0	0	0
-269.775	-539.55	-269.775	0	0	0
-269.775	-539.55	-269.775	0	0	0
-269.775	-539.55	-269.775	0	0	0
-269.775	-539.55	-269.775	0	0	0
-269.775	-539.55	-269.775	0	0	0
-269.775	-539.55	-269.775	0	0	0
-269.775	-539.55	-269.775	0	0	0
-269.775	-539.55	-269.775	0	0	0
-269.775	-539.55	-269.775	0	0	0
-269.775	-539.55	-269.775	0	0	0
-269.775	-539.55	-269.775	0	0	0
-220.725	-441.45	-220.725	0	0	0
-220.725	-441.45	-220.725	0	0	0
-220.725	-441.45	-220.725	0	0	0
-220.725	-441.45	-220.725	0	0	0
-220.725	-441.45	-220.725	0	0	0
-220.725	-441.45	-220.725	0	0	0
-220.725	-441.45	-220.725	0	0	0
-220.725	-441.45	-220.725	0	0	0
-220.725	-441.45	-220.725	0	0	0
-220.725	-441.45	-220.725	0	0	0
-220.725	-441.45	-220.725	0	0	0
-220.725	-441.45	-220.725	0	0	0
-171.675	-343.35	-171.675	0	0	0
-171.675	-343.35	-171.675	0	0	0
-171.675	-343.35	-171.675	0	0	0
-171.675	-343.35	-171.675	0	0	0
-171.675	-343.35	-171.675	0	0	0
-171.675	-343.35	-171.675	0	0	0
-171.675	-343.35	-171.675	0	0	0
-171.675	-343.35	-171.675	0	0	0
-171.675	-343.35	-171.675	0	0	0
-171.675	-343.35	-171.675	0	0	0
-171.675	-343.35	-171.675	0	0	0
-171.675	-343.35	-171.675	0	0	0
-122.625	-245.25	-122.625	0	0	0
-122.625	-245.25	-122.625	0	0	0
-122.625	-245.25	-122.625	0	0	0
-122.625	-245.25	-122.625	0	0	0
-122.625	-245.25	-122.625	0	0	0
-122.625	-245.25	-122.625	0	0	0
-122.625	-245.25	-122.625	0	0	0
-122.625	-245.25	-122.625	0	0	0
-122.625	-245.25	-122.625	0	0	0
-122.625	-245.25	-122.625	0	0	0
-122.625	-245.25	-122.625	0	0	0
-122.625	-245.25	-122.625	0	0	0
-73.575	-147.15	-73.575	0	0	0
-73.575	-147.15	-73.575	0	0	0
-73.575	-147.15	-73.575	0	0	0
-73.575	-147.15	-73.575	0	0	0
-73.575	-147.15	-73.575	0	0	0
-73.575	-147.15	-73.575	0	0	0
-73.575	-147.15	-73.575	0	0	0
-73.575	-147.15	-73.575	0	0	0
-73.575	-147.15	-73.575	0	0	0
-73.575	-147.15	-73.575	0	0	0
-73.575	-147.15	-73.575	0	0	0
-73.575	-147.15	-73.575	0	0	0
-24.525	-49.05	-24.525	0	0	0
-24.525	-49.05	-24.525	0	0	0
-24.525	-49.05	-24.525	0	0	0
-24.525	-49.05	-24.525	0	0	0
-24.525	-49.05	-24.525	0	0	0
-24.525	-49.05	-24.525	0	0	0
-24.525	-49.05	-24.525	0	0	0
-24.525	-49.05	-24.525	0	0	0
-24.525	-49.05	-24.525	0	0	0
-24.525	-49.05	-24.525	0	0	0
-24.525	-49.05	-24.525	0	0	0
-24.525	-49.05	-24.525	0	0	0
