0	2.5e-05
1	2.5e-05
2	2.5e-05
3	2.5e-05
4	2.5e-05
5	2.5e-05
6	2.5e-05
7	2.5e-05
8	2.5e-05
9	2.5e-05
10	2.5e-05
11	2.5e-05
12	2.5e-05
13	2.5e-05
14	2.5e-05
15	2.5e-05
16	2.5e-05
17	2.5e-05
18	2.5e-05
19	2.5e-05
20	2.5e-05
21	2.5e-05
22	2.5e-05
23	2.5e-05
24	2.5e-05
25	2.5e-05
26	2.5e-05
27	2.5e-05
28	2.5e-05
29	2.5e-05
30	2.5e-05
31	2.5e-05
32	2.5e-05
33	2.5e-05
34	2.5e-05
35	2.5e-05
36	2.5e-05
37	2.5e-05
38	2.5e-05
39	2.5e-05
40	2.5e-05
41	2.5e-05
42	2.5e-05
43	2.5e-05
44	2.5e-05
45	2.5e-05
46	2.5e-05
47	2.5e-05
48	2.5e-05
49	2.5e-05
50	2.5e-05
51	2.5e-05
52	2.5e-05
53	2.5e-05
54	2.5e-05
55	2.5e-05
56	2.5e-05
57	2.5e-05
58	2.5e-05
59	2.5e-05
60	2.5e-05
61	2.5e-05
62	2.5e-05
63	2.5e-05
64	2.5e-05
65	2.5e-05
66	2.5e-05
67	2.5e-05
68	2.5e-05
69	2.5e-05
70	2.5e-05
71	2.5e-05
72	2.5e-05
73	2.5e-05
74	2.5e-05
75	2.5e-05
76	2.5e-05
77	2.5e-05
78	2.5e-05
79	2.5e-05
80	2.5e-05
81	2.5e-05
82	2.5e-05
83	2.5e-05
84	2.5e-05
85	2.5e-05
86	2.5e-05
87	2.5e-05
88	2.5e-05
89	2.5e-05
90	2.5e-05
91	2.5e-05
92	2.5e-05
93	2.5e-05
94	2.5e-05
95	2.5e-05
96	2.5e-05
97	2.5e-05
98	2.5e-05
99	2.5e-05
100	2.5e-05
101	2.5e-05
102	2.5e-05
103	2.5e-05
104	2.5e-05
105	2.5e-05
106	2.5e-05
107	2.5e-05
108	2.5e-05
109	2.5e-05
110	2.5e-05
111	2.5e-05
112	2.5e-05
113	2.5e-05
114	2.5e-05
115	2.5e-05
116	2.5e-05
117	2.5e-05
118	2.5e-05
119	2.5e-05
120	2.5e-05
121	2.5e-05
122	2.5e-05
123	2.5e-05
124	2.5e-05
125	2.5e-05
126	2.5e-05
127	2.5e-05
128	2.5e-05
129	2.5e-05
130	2.5e-05
131	2.5e-05
132	2.5e-05
133	2.5e-05
134	2.5e-05
135	2.5e-05
136	2.5e-05
137	2.5e-05
138	2.5e-05
139	2.5e-05
140	2.5e-05
141	2.5e-05
142	2.5e-05
143	2.5e-05
144	2.5e-05
145	2.5e-05
146	2.5e-05
147	2.5e-05
148	2.5e-05
149	2.5e-05
150	2.5e-05
151	2.5e-05
152	2.5e-05
153	2.5e-05
154	2.5e-05
155	2.5e-05
156	2.5e-05
157	2.5e-05
158	2.5e-05
159	2.5e-05
160	2.5e-05
161	2.5e-05
162	2.5e-05
163	2.5e-05
164	2.5e-05
165	2.5e-05
166	2.5e-05
167	2.5e-05
168	2.5e-05
169	2.5e-05
170	2.5e-05
171	2.5e-05
172	2.5e-05
173	2.5e-05
174	2.5e-05
175	2.5e-05
176	2.5e-05
177	2.5e-05
178	2.5e-05
179	2.5e-05
180	2.5e-05
181	2.5e-05
182	2.5e-05
183	2.5e-05
184	2.5e-05
185	2.5e-05
186	2.5e-05
187	2.5e-05
188	2.5e-05
189	2.5e-05
190	2.5e-05
191	2.5e-05
192	2.5e-05
193	2.5e-05
194	2.5e-05
195	2.5e-05
196	2.5e-05
197	2.5e-05
198	2.5e-05
199	2.5e-05
200	2.5e-05
201	2.5e-05
202	2.5e-05
203	2.5e-05
204	2.5e-05
205	2.5e-05
206	2.5e-05
207	2.5e-05
208	2.5e-05
209	2.5e-05
210	2.5e-05
211	2.5e-05
212	2.5e-05
213	2.5e-05
214	2.5e-05
215	2.5e-05
216	2.5e-05
217	2.5e-05
218	2.5e-05
219	2.5e-05
220	2.5e-05
221	2.5e-05
222	2.5e-05
223	2.5e-05
224	2.5e-05
225	2.5e-05
226	2.5e-05
227	2.5e-05
228	2.5e-05
229	2.5e-05
230	2.5e-05
231	2.5e-05
232	2.5e-05
233	2.5e-05
234	2.5e-05
235	2.5e-05
236	2.5e-05
237	2.5e-05
238	2.5e-05
239	2.5e-05
240	2.5e-05
241	2.5e-05
242	2.5e-05
243	2.5e-05
244	2.5e-05
245	2.5e-05
246	2.5e-05
247	2.5e-05
248	2.5e-05
249	2.5e-05
250	2.5e-05
251	2.5e-05
252	2.5e-05
253	2.5e-05
254	2.5e-05
255	2.5e-05
256	2.5e-05
257	2.5e-05
258	2.5e-05
259	2.5e-05
260	2.5e-05
261	2.5e-05
262	2.5e-05
263	2.5e-05
264	2.5e-05
265	2.5e-05
266	2.5e-05
267	2.5e-05
268	2.5e-05
269	2.5e-05
270	2.5e-05
271	2.5e-05
272	2.5e-05
273	2.5e-05
274	2.5e-05
275	2.5e-05
276	2.5e-05
277	2.5e-05
278	2.5e-05
279	2.5e-05
280	2.5e-05
281	2.5e-05
282	2.5e-05
283	2.5e-05
284	2.5e-05
285	2.5e-05
286	2.5e-05
287	2.5e-05
288	2.5e-05
289	2.5e-05
290	2.5e-05
291	2.5e-05
292	2.5e-05
293	2.5e-05
294	2.5e-05
295	2.5e-05
296	2.5e-05
297	2.5e-05
298	2.5e-05
299	2.5e-05
300	2.5e-05
301	2.5e-05
302	2.5e-05
303	2.5e-05
304	2.5e-05
305	2.5e-05
306	2.5e-05
307	2.5e-05
308	2.5e-05
309	2.5e-05
310	2.5e-05
311	2.5e-05
312	2.5e-05
313	2.5e-05
314	2.5e-05
315	2.5e-05
316	2.5e-05
317	2.5e-05
318	2.5e-05
319	2.5e-05
320	2.5e-05
321	2.5e-05
322	2.5e-05
323	2.5e-05
324	2.5e-05
325	2.5e-05
326	2.5e-05
327	2.5e-05
328	2.5e-05
329	2.5e-05
330	2.5e-05
331	2.5e-05
332	2.5e-05
333	2.5e-05
334	2.5e-05
335	2.5e-05
336	2.5e-05
337	2.5e-05
338	2.5e-05
339	2.5e-05
340	2.5e-05
341	2.5e-05
342	2.5e-05
343	2.5e-05
344	2.5e-05
345	2.5e-05
346	2.5e-05
347	2.5e-05
348	2.5e-05
349	2.5e-05
350	2.5e-05
351	2.5e-05
352	2.5e-05
353	2.5e-05
354	2.5e-05
355	2.5e-05
356	2.5e-05
357	2.5e-05
358	2.5e-05
359	2.5e-05
360	2.5e-05
361	2.5e-05
362	2.5e-05
363	2.5e-05
364	2.5e-05
365	2.5e-05
366	2.5e-05
367	2.5e-05
368	2.5e-05
369	2.5e-05
370	2.5e-05
371	2.5e-05
372	2.5e-05
373	2.5e-05
374	2.5e-05
375	2.5e-05
376	2.5e-05
377	2.5e-05
378	2.5e-05
379	2.5e-05
380	2.5e-05
381	2.5e-05
382	2.5e-05
383	2.5e-05
384	2.5e-05
385	2.5e-05
386	2.5e-05
387	2.5e-05
388	2.5e-05
389	2.5e-05
390	2.5e-05
391	2.5e-05
392	2.5e-05
393	2.5e-05
394	2.5e-05
395	2.5e-05
396	2.5e-05
397	2.5e-05
398	2.5e-05
399	2.5e-05
400	2.5e-05
401	2.5e-05
402	2.5e-05
403	2.5e-05
404	2.5e-05
405	2.5e-05
406	2.5e-05
407	2.5e-05
408	2.5e-05
409	2.5e-05
410	2.5e-05
411	2.5e-05
412	2.5e-05
413	2.5e-05
414	2.5e-05
415	2.5e-05
416	2.5e-05
417	2.5e-05
418	2.5e-05
419	2.5e-05
420	2.5e-05
421	2.5e-05
422	2.5e-05
423	2.5e-05
424	2.5e-05
425	2.5e-05
426	2.5e-05
427	2.5e-05
428	2.5e-05
429	2.5e-05
430	2.5e-05
431	2.5e-05
432	2.5e-05
433	2.5e-05
434	2.5e-05
435	2.5e-05
436	2.5e-05
437	2.5e-05
438	2.5e-05
439	2.5e-05
440	2.5e-05
441	2.5e-05
442	2.5e-05
443	2.5e-05
444	2.5e-05
445	2.5e-05
446	2.5e-05
447	2.5e-05
448	2.5e-05
449	2.5e-05
450	2.5e-05
451	2.5e-05
452	2.5e-05
453	2.5e-05
454	2.5e-05
455	2.5e-05
456	2.5e-05
457	2.5e-05
458	2.5e-05
459	2.5e-05
460	2.5e-05
461	2.5e-05
462	2.5e-05
463	2.5e-05
464	2.5e-05
465	2.5e-05
466	2.5e-05
467	2.5e-05
468	2.5e-05
469	2.5e-05
470	2.5e-05
471	2.5e-05
472	2.5e-05
473	2.5e-05
474	2.5e-05
475	2.5e-05
476	2.5e-05
477	2.5e-05
478	2.5e-05
479	2.5e-05
480	2.5e-05
481	2.5e-05
482	2.5e-05
483	2.5e-05
484	2.5e-05
485	2.5e-05
486	2.5e-05
487	2.5e-05
488	2.5e-05
489	2.5e-05
490	2.5e-05
491	2.5e-05
492	2.5e-05
493	2.5e-05
494	2.5e-05
495	2.5e-05
496	2.5e-05
497	2.5e-05
498	2.5e-05
499	2.5e-05
500	2.5e-05
501	2.5e-05
502	2.5e-05
503	2.5e-05
504	2.5e-05
505	2.5e-05
506	2.5e-05
507	2.5e-05
508	2.5e-05
509	2.5e-05
510	2.5e-05
511	2.5e-05
512	2.5e-05
513	2.5e-05
514	2.5e-05
515	2.5e-05
516	2.5e-05
517	2.5e-05
518	2.5e-05
519	2.5e-05
520	2.5e-05
521	2.5e-05
522	2.5e-05
523	2.5e-05
524	2.5e-05
525	2.5e-05
526	2.5e-05
527	2.5e-05
528	2.5e-05
529	2.5e-05
530	2.5e-05
531	2.5e-05
532	2.5e-05
533	2.5e-05
534	2.5e-05
535	2.5e-05
536	2.5e-05
537	2.5e-05
538	2.5e-05
539	2.5e-05
540	2.5e-05
541	2.5e-05
542	2.5e-05
543	2.5e-05
544	2.5e-05
545	2.5e-05
546	2.5e-05
547	2.5e-05
548	2.5e-05
549	2.5e-05
550	2.5e-05
551	2.5e-05
552	2.5e-05
553	2.5e-05
554	2.5e-05
555	2.5e-05
556	2.5e-05
557	2.5e-05
558	2.5e-05
559	2.5e-05
560	2.5e-05
561	2.5e-05
562	2.5e-05
563	2.5e-05
564	2.5e-05
565	2.5e-05
566	2.5e-05
567	2.5e-05
568	2.5e-05
569	2.5e-05
570	2.5e-05
571	2.5e-05
572	2.5e-05
573	2.5e-05
574	2.5e-05
575	2.5e-05
576	2.5e-05
577	2.5e-05
578	2.5e-05
579	2.5e-05
580	2.5e-05
581	2.5e-05
582	2.5e-05
583	2.5e-05
584	2.5e-05
585	2.5e-05
586	2.5e-05
587	2.5e-05
588	2.5e-05
589	2.5e-05
590	2.5e-05
591	2.5e-05
592	2.5e-05
593	2.5e-05
594	2.5e-05
595	2.5e-05
596	2.5e-05
597	2.5e-05
598	2.5e-05
599	2.5e-05
600	2.5e-05
601	2.5e-05
602	2.5e-05
603	2.5e-05
604	2.5e-05
605	2.5e-05
606	2.5e-05
607	2.5e-05
608	2.5e-05
609	2.5e-05
610	2.5e-05
611	2.5e-05
612	2.5e-05
613	2.5e-05
614	2.5e-05
615	2.5e-05
616	2.5e-05
617	2.5e-05
618	2.5e-05
619	2.5e-05
620	2.5e-05
621	2.5e-05
622	2.5e-05
623	2.5e-05
624	2.5e-05
625	2.5e-05
626	2.5e-05
627	2.5e-05
628	2.5e-05
629	2.5e-05
630	2.5e-05
631	2.5e-05
632	2.5e-05
633	2.5e-05
634	2.5e-05
635	2.5e-05
636	2.5e-05
637	2.5e-05
638	2.5e-05
639	2.5e-05
640	2.5e-05
641	2.5e-05
642	2.5e-05
643	2.5e-05
644	2.5e-05
645	2.5e-05
646	2.5e-05
647	2.5e-05
648	2.5e-05
649	2.5e-05
650	2.5e-05
651	2.5e-05
652	2.5e-05
653	2.5e-05
654	2.5e-05
655	2.5e-05
656	2.5e-05
657	2.5e-05
658	2.5e-05
659	2.5e-05
660	2.5e-05
661	2.5e-05
662	2.5e-05
663	2.5e-05
664	2.5e-05
665	2.5e-05
666	2.5e-05
667	2.5e-05
668	2.5e-05
669	2.5e-05
670	2.5e-05
671	2.5e-05
672	2.5e-05
673	2.5e-05
674	2.5e-05
675	2.5e-05
676	2.5e-05
677	2.5e-05
678	2.5e-05
679	2.5e-05
680	2.5e-05
681	2.5e-05
682	2.5e-05
683	2.5e-05
684	2.5e-05
685	2.5e-05
686	2.5e-05
687	2.5e-05
688	2.5e-05
689	2.5e-05
690	2.5e-05
691	2.5e-05
692	2.5e-05
693	2.5e-05
694	2.5e-05
695	2.5e-05
696	2.5e-05
697	2.5e-05
698	2.5e-05
699	2.5e-05
700	2.5e-05
701	2.5e-05
702	2.5e-05
703	2.5e-05
704	2.5e-05
705	2.5e-05
706	2.5e-05
707	2.5e-05
708	2.5e-05
709	2.5e-05
710	2.5e-05
711	2.5e-05
712	2.5e-05
713	2.5e-05
714	2.5e-05
715	2.5e-05
716	2.5e-05
717	2.5e-05
718	2.5e-05
719	2.5e-05
720	2.5e-05
721	2.5e-05
722	2.5e-05
723	2.5e-05
724	2.5e-05
725	2.5e-05
726	2.5e-05
727	2.5e-05
728	2.5e-05
729	2.5e-05
730	2.5e-05
731	2.5e-05
732	2.5e-05
733	2.5e-05
734	2.5e-05
735	2.5e-05
736	2.5e-05
737	2.5e-05
738	2.5e-05
739	2.5e-05
740	2.5e-05
741	2.5e-05
742	2.5e-05
743	2.5e-05
744	2.5e-05
745	2.5e-05
746	2.5e-05
747	2.5e-05
748	2.5e-05
749	2.5e-05
750	2.5e-05
751	2.5e-05
752	2.5e-05
753	2.5e-05
754	2.5e-05
755	2.5e-05
756	2.5e-05
757	2.5e-05
758	2.5e-05
759	2.5e-05
760	2.5e-05
761	2.5e-05
762	2.5e-05
763	2.5e-05
764	2.5e-05
765	2.5e-05
766	2.5e-05
767	2.5e-05
768	2.5e-05
769	2.5e-05
770	2.5e-05
771	2.5e-05
772	2.5e-05
773	2.5e-05
774	2.5e-05
775	2.5e-05
776	2.5e-05
777	2.5e-05
778	2.5e-05
779	2.5e-05
780	2.5e-05
781	2.5e-05
782	2.5e-05
783	2.5e-05
784	2.5e-05
785	2.5e-05
786	2.5e-05
787	2.5e-05
788	2.5e-05
789	2.5e-05
790	2.5e-05
791	2.5e-05
792	2.5e-05
793	2.5e-05
794	2.5e-05
795	2.5e-05
796	2.5e-05
797	2.5e-05
798	2.5e-05
799	2.5e-05
800	2.5e-05
801	2.5e-05
802	2.5e-05
803	2.5e-05
804	2.5e-05
805	2.5e-05
806	2.5e-05
807	2.5e-05
808	2.5e-05
809	2.5e-05
810	2.5e-05
811	2.5e-05
812	2.5e-05
813	2.5e-05
814	2.5e-05
815	2.5e-05
816	2.5e-05
817	2.5e-05
818	2.5e-05
819	2.5e-05
820	2.5e-05
821	2.5e-05
822	2.5e-05
823	2.5e-05
824	2.5e-05
825	2.5e-05
826	2.5e-05
827	2.5e-05
828	2.5e-05
829	2.5e-05
830	2.5e-05
831	2.5e-05
832	2.5e-05
833	2.5e-05
834	2.5e-05
835	2.5e-05
836	2.5e-05
837	2.5e-05
838	2.5e-05
839	2.5e-05
840	2.5e-05
841	2.5e-05
842	2.5e-05
843	2.5e-05
844	2.5e-05
845	2.5e-05
846	2.5e-05
847	2.5e-05
848	2.5e-05
849	2.5e-05
850	2.5e-05
851	2.5e-05
852	2.5e-05
853	2.5e-05
854	2.5e-05
855	2.5e-05
856	2.5e-05
857	2.5e-05
858	2.5e-05
859	2.5e-05
860	2.5e-05
861	2.5e-05
862	2.5e-05
863	2.5e-05
864	2.5e-05
865	2.5e-05
866	2.5e-05
867	2.5e-05
868	2.5e-05
869	2.5e-05
870	2.5e-05
871	2.5e-05
872	2.5e-05
873	2.5e-05
874	2.5e-05
875	2.5e-05
876	2.5e-05
877	2.5e-05
878	2.5e-05
879	2.5e-05
880	2.5e-05
881	2.5e-05
882	2.5e-05
883	2.5e-05
884	2.5e-05
885	2.5e-05
886	2.5e-05
887	2.5e-05
888	2.5e-05
889	2.5e-05
890	2.5e-05
891	2.5e-05
892	2.5e-05
893	2.5e-05
894	2.5e-05
895	2.5e-05
896	2.5e-05
897	2.5e-05
898	2.5e-05
899	2.5e-05
900	2.5e-05
901	2.5e-05
902	2.5e-05
903	2.5e-05
904	2.5e-05
905	2.5e-05
906	2.5e-05
907	2.5e-05
908	2.5e-05
909	2.5e-05
910	2.5e-05
911	2.5e-05
912	2.5e-05
913	2.5e-05
914	2.5e-05
915	2.5e-05
916	2.5e-05
917	2.5e-05
918	2.5e-05
919	2.5e-05
920	2.5e-05
921	2.5e-05
922	2.5e-05
923	2.5e-05
924	2.5e-05
925	2.5e-05
926	2.5e-05
927	2.5e-05
928	2.5e-05
929	2.5e-05
930	2.5e-05
931	2.5e-05
932	2.5e-05
933	2.5e-05
934	2.5e-05
935	2.5e-05
936	2.5e-05
937	2.5e-05
938	2.5e-05
939	2.5e-05
940	2.5e-05
941	2.5e-05
942	2.5e-05
943	2.5e-05
944	2.5e-05
945	2.5e-05
946	2.5e-05
947	2.5e-05
948	2.5e-05
949	2.5e-05
950	2.5e-05
951	2.5e-05
952	2.5e-05
953	2.5e-05
954	2.5e-05
955	2.5e-05
956	2.5e-05
957	2.5e-05
958	2.5e-05
959	2.5e-05
960	2.5e-05
961	2.5e-05
962	2.5e-05
963	2.5e-05
964	2.5e-05
965	2.5e-05
966	2.5e-05
967	2.5e-05
968	2.5e-05
969	2.5e-05
970	2.5e-05
971	2.5e-05
972	2.5e-05
973	2.5e-05
974	2.5e-05
975	2.5e-05
976	2.5e-05
977	2.5e-05
978	2.5e-05
979	2.5e-05
980	2.5e-05
981	2.5e-05
982	2.5e-05
983	2.5e-05
984	2.5e-05
985	2.5e-05
986	2.5e-05
987	2.5e-05
988	2.5e-05
989	2.5e-05
990	2.5e-05
991	2.5e-05
992	2.5e-05
993	2.5e-05
994	2.5e-05
995	2.5e-05
996	2.5e-05
997	2.5e-05
998	2.5e-05
999	2.5e-05
1000	2.5e-05
1001	2.5e-05
1002	2.5e-05
1003	2.5e-05
1004	2.5e-05
1005	2.5e-05
1006	2.5e-05
1007	2.5e-05
1008	2.5e-05
1009	2.5e-05
1010	2.5e-05
1011	2.5e-05
1012	2.5e-05
1013	2.5e-05
1014	2.5e-05
1015	2.5e-05
1016	2.5e-05
1017	2.5e-05
1018	2.5e-05
1019	2.5e-05
1020	2.5e-05
1021	2.5e-05
1022	2.5e-05
1023	2.5e-05
1024	2.5e-05
1025	2.5e-05
1026	2.5e-05
1027	2.5e-05
1028	2.5e-05
1029	2.5e-05
1030	2.5e-05
1031	2.5e-05
1032	2.5e-05
1033	2.5e-05
1034	2.5e-05
1035	2.5e-05
1036	2.5e-05
1037	2.5e-05
1038	2.5e-05
1039	2.5e-05
1040	2.5e-05
1041	2.5e-05
1042	2.5e-05
1043	2.5e-05
1044	2.5e-05
1045	2.5e-05
1046	2.5e-05
1047	2.5e-05
1048	2.5e-05
1049	2.5e-05
1050	2.5e-05
1051	2.5e-05
1052	2.5e-05
1053	2.5e-05
1054	2.5e-05
1055	2.5e-05
1056	2.5e-05
1057	2.5e-05
1058	2.5e-05
1059	2.5e-05
1060	2.5e-05
1061	2.5e-05
1062	2.5e-05
1063	2.5e-05
1064	2.5e-05
1065	2.5e-05
1066	2.5e-05
1067	2.5e-05
1068	2.5e-05
1069	2.5e-05
1070	2.5e-05
1071	2.5e-05
1072	2.5e-05
1073	2.5e-05
1074	2.5e-05
1075	2.5e-05
1076	2.5e-05
1077	2.5e-05
1078	2.5e-05
1079	2.5e-05
1080	2.5e-05
1081	2.5e-05
1082	2.5e-05
1083	2.5e-05
1084	2.5e-05
1085	2.5e-05
1086	2.5e-05
1087	2.5e-05
1088	2.5e-05
1089	2.5e-05
1090	2.5e-05
1091	2.5e-05
1092	2.5e-05
1093	2.5e-05
1094	2.5e-05
1095	2.5e-05
1096	2.5e-05
1097	2.5e-05
1098	2.5e-05
1099	2.5e-05
1100	2.5e-05
1101	2.5e-05
1102	2.5e-05
1103	2.5e-05
1104	2.5e-05
1105	2.5e-05
1106	2.5e-05
1107	2.5e-05
1108	2.5e-05
1109	2.5e-05
1110	2.5e-05
1111	2.5e-05
1112	2.5e-05
1113	2.5e-05
1114	2.5e-05
1115	2.5e-05
1116	2.5e-05
1117	2.5e-05
1118	2.5e-05
1119	2.5e-05
1120	2.5e-05
1121	2.5e-05
1122	2.5e-05
1123	2.5e-05
1124	2.5e-05
1125	2.5e-05
1126	2.5e-05
1127	2.5e-05
1128	2.5e-05
1129	2.5e-05
1130	2.5e-05
1131	2.5e-05
1132	2.5e-05
1133	2.5e-05
1134	2.5e-05
1135	2.5e-05
1136	2.5e-05
1137	2.5e-05
1138	2.5e-05
1139	2.5e-05
1140	2.5e-05
1141	2.5e-05
1142	2.5e-05
1143	2.5e-05
1144	2.5e-05
1145	2.5e-05
1146	2.5e-05
1147	2.5e-05
1148	2.5e-05
1149	2.5e-05
1150	2.5e-05
1151	2.5e-05
1152	2.5e-05
1153	2.5e-05
1154	2.5e-05
1155	2.5e-05
1156	2.5e-05
1157	2.5e-05
1158	2.5e-05
1159	2.5e-05
1160	2.5e-05
1161	2.5e-05
1162	2.5e-05
1163	2.5e-05
1164	2.5e-05
1165	2.5e-05
1166	2.5e-05
1167	2.5e-05
1168	2.5e-05
1169	2.5e-05
1170	2.5e-05
1171	2.5e-05
1172	2.5e-05
1173	2.5e-05
1174	2.5e-05
1175	2.5e-05
1176	2.5e-05
1177	2.5e-05
1178	2.5e-05
1179	2.5e-05
1180	2.5e-05
1181	2.5e-05
1182	2.5e-05
1183	2.5e-05
1184	2.5e-05
1185	2.5e-05
1186	2.5e-05
1187	2.5e-05
1188	2.5e-05
1189	2.5e-05
1190	2.5e-05
1191	2.5e-05
1192	2.5e-05
1193	2.5e-05
1194	2.5e-05
1195	2.5e-05
1196	2.5e-05
1197	2.5e-05
1198	2.5e-05
1199	2.5e-05
1200	2.5e-05
1201	2.5e-05
1202	2.5e-05
1203	2.5e-05
1204	2.5e-05
1205	2.5e-05
1206	2.5e-05
1207	2.5e-05
1208	2.5e-05
1209	2.5e-05
1210	2.5e-05
1211	2.5e-05
1212	2.5e-05
1213	2.5e-05
1214	2.5e-05
1215	2.5e-05
1216	2.5e-05
1217	2.5e-05
1218	2.5e-05
1219	2.5e-05
1220	2.5e-05
1221	2.5e-05
1222	2.5e-05
1223	2.5e-05
1224	2.5e-05
1225	2.5e-05
1226	2.5e-05
1227	2.5e-05
1228	2.5e-05
1229	2.5e-05
1230	2.5e-05
1231	2.5e-05
1232	2.5e-05
1233	2.5e-05
1234	2.5e-05
1235	2.5e-05
1236	2.5e-05
1237	2.5e-05
1238	2.5e-05
1239	2.5e-05
1240	2.5e-05
1241	2.5e-05
1242	2.5e-05
1243	2.5e-05
1244	2.5e-05
1245	2.5e-05
1246	2.5e-05
1247	2.5e-05
1248	2.5e-05
1249	2.5e-05
1250	2.5e-05
1251	2.5e-05
1252	2.5e-05
1253	2.5e-05
1254	2.5e-05
1255	2.5e-05
1256	2.5e-05
1257	2.5e-05
1258	2.5e-05
1259	2.5e-05
1260	2.5e-05
1261	2.5e-05
1262	2.5e-05
1263	2.5e-05
1264	2.5e-05
1265	2.5e-05
1266	2.5e-05
1267	2.5e-05
1268	2.5e-05
1269	2.5e-05
1270	2.5e-05
1271	2.5e-05
1272	2.5e-05
1273	2.5e-05
1274	2.5e-05
1275	2.5e-05
1276	2.5e-05
1277	2.5e-05
1278	2.5e-05
1279	2.5e-05
1280	2.5e-05
1281	2.5e-05
1282	2.5e-05
1283	2.5e-05
1284	2.5e-05
1285	2.5e-05
1286	2.5e-05
1287	2.5e-05
1288	2.5e-05
1289	2.5e-05
1290	2.5e-05
1291	2.5e-05
1292	2.5e-05
1293	2.5e-05
1294	2.5e-05
1295	2.5e-05
1296	2.5e-05
1297	2.5e-05
1298	2.5e-05
1299	2.5e-05
1300	2.5e-05
1301	2.5e-05
1302	2.5e-05
1303	2.5e-05
1304	2.5e-05
1305	2.5e-05
1306	2.5e-05
1307	2.5e-05
1308	2.5e-05
1309	2.5e-05
1310	2.5e-05
1311	2.5e-05
1312	2.5e-05
1313	2.5e-05
1314	2.5e-05
1315	2.5e-05
1316	2.5e-05
1317	2.5e-05
1318	2.5e-05
1319	2.5e-05
1320	2.5e-05
1321	2.5e-05
1322	2.5e-05
1323	2.5e-05
1324	2.5e-05
1325	2.5e-05
1326	2.5e-05
1327	2.5e-05
1328	2.5e-05
1329	2.5e-05
1330	2.5e-05
1331	2.5e-05
1332	2.5e-05
1333	2.5e-05
1334	2.5e-05
1335	2.5e-05
1336	2.5e-05
1337	2.5e-05
1338	2.5e-05
1339	2.5e-05
1340	2.5e-05
1341	2.5e-05
1342	2.5e-05
1343	2.5e-05
1344	2.5e-05
1345	2.5e-05
1346	2.5e-05
1347	2.5e-05
1348	2.5e-05
1349	2.5e-05
1350	2.5e-05
1351	2.5e-05
1352	2.5e-05
1353	2.5e-05
1354	2.5e-05
1355	2.5e-05
1356	2.5e-05
1357	2.5e-05
1358	2.5e-05
1359	2.5e-05
1360	2.5e-05
1361	2.5e-05
1362	2.5e-05
1363	2.5e-05
1364	2.5e-05
1365	2.5e-05
1366	2.5e-05
1367	2.5e-05
1368	2.5e-05
1369	2.5e-05
1370	2.5e-05
1371	2.5e-05
1372	2.5e-05
1373	2.5e-05
1374	2.5e-05
1375	2.5e-05
1376	2.5e-05
1377	2.5e-05
1378	2.5e-05
1379	2.5e-05
1380	2.5e-05
1381	2.5e-05
1382	2.5e-05
1383	2.5e-05
1384	2.5e-05
1385	2.5e-05
1386	2.5e-05
1387	2.5e-05
1388	2.5e-05
1389	2.5e-05
1390	2.5e-05
1391	2.5e-05
1392	2.5e-05
1393	2.5e-05
1394	2.5e-05
1395	2.5e-05
1396	2.5e-05
1397	2.5e-05
1398	2.5e-05
1399	2.5e-05
1400	2.5e-05
1401	2.5e-05
1402	2.5e-05
1403	2.5e-05
1404	2.5e-05
1405	2.5e-05
1406	2.5e-05
1407	2.5e-05
1408	2.5e-05
1409	2.5e-05
1410	2.5e-05
1411	2.5e-05
1412	2.5e-05
1413	2.5e-05
1414	2.5e-05
1415	2.5e-05
1416	2.5e-05
1417	2.5e-05
1418	2.5e-05
1419	2.5e-05
1420	2.5e-05
1421	2.5e-05
1422	2.5e-05
1423	2.5e-05
1424	2.5e-05
1425	2.5e-05
1426	2.5e-05
1427	2.5e-05
1428	2.5e-05
1429	2.5e-05
1430	2.5e-05
1431	2.5e-05
1432	2.5e-05
1433	2.5e-05
1434	2.5e-05
1435	2.5e-05
1436	2.5e-05
1437	2.5e-05
1438	2.5e-05
1439	2.5e-05
1440	2.5e-05
1441	2.5e-05
1442	2.5e-05
1443	2.5e-05
1444	2.5e-05
1445	2.5e-05
1446	2.5e-05
1447	2.5e-05
1448	2.5e-05
1449	2.5e-05
1450	2.5e-05
1451	2.5e-05
1452	2.5e-05
1453	2.5e-05
1454	2.5e-05
1455	2.5e-05
1456	2.5e-05
1457	2.5e-05
1458	2.5e-05
1459	2.5e-05
1460	2.5e-05
1461	2.5e-05
1462	2.5e-05
1463	2.5e-05
1464	2.5e-05
1465	2.5e-05
1466	2.5e-05
1467	2.5e-05
1468	2.5e-05
1469	2.5e-05
1470	2.5e-05
1471	2.5e-05
1472	2.5e-05
1473	2.5e-05
1474	2.5e-05
1475	2.5e-05
1476	2.5e-05
1477	2.5e-05
1478	2.5e-05
1479	2.5e-05
1480	2.5e-05
1481	2.5e-05
1482	2.5e-05
1483	2.5e-05
1484	2.5e-05
1485	2.5e-05
1486	2.5e-05
1487	2.5e-05
1488	2.5e-05
1489	2.5e-05
1490	2.5e-05
1491	2.5e-05
1492	2.5e-05
1493	2.5e-05
1494	2.5e-05
1495	2.5e-05
1496	2.5e-05
1497	2.5e-05
1498	2.5e-05
1499	2.5e-05
1500	2.5e-05
1501	2.5e-05
1502	2.5e-05
1503	2.5e-05
1504	2.5e-05
1505	2.5e-05
1506	2.5e-05
1507	2.5e-05
1508	2.5e-05
1509	2.5e-05
1510	2.5e-05
1511	2.5e-05
1512	2.5e-05
1513	2.5e-05
1514	2.5e-05
1515	2.5e-05
1516	2.5e-05
1517	2.5e-05
1518	2.5e-05
1519	2.5e-05
1520	2.5e-05
1521	2.5e-05
1522	2.5e-05
1523	2.5e-05
1524	2.5e-05
1525	2.5e-05
1526	2.5e-05
1527	2.5e-05
1528	2.5e-05
1529	2.5e-05
1530	2.5e-05
1531	2.5e-05
1532	2.5e-05
1533	2.5e-05
1534	2.5e-05
1535	2.5e-05
1536	2.5e-05
1537	2.5e-05
1538	2.5e-05
1539	2.5e-05
1540	2.5e-05
1541	2.5e-05
1542	2.5e-05
1543	2.5e-05
1544	2.5e-05
1545	2.5e-05
1546	2.5e-05
1547	2.5e-05
1548	2.5e-05
1549	2.5e-05
1550	2.5e-05
1551	2.5e-05
1552	2.5e-05
1553	2.5e-05
1554	2.5e-05
1555	2.5e-05
1556	2.5e-05
1557	2.5e-05
1558	2.5e-05
1559	2.5e-05
1560	2.5e-05
1561	2.5e-05
1562	2.5e-05
1563	2.5e-05
1564	2.5e-05
1565	2.5e-05
1566	2.5e-05
1567	2.5e-05
1568	2.5e-05
1569	2.5e-05
1570	2.5e-05
1571	2.5e-05
1572	2.5e-05
1573	2.5e-05
1574	2.5e-05
1575	2.5e-05
1576	2.5e-05
1577	2.5e-05
1578	2.5e-05
1579	2.5e-05
1580	2.5e-05
1581	2.5e-05
1582	2.5e-05
1583	2.5e-05
1584	2.5e-05
1585	2.5e-05
1586	2.5e-05
1587	2.5e-05
1588	2.5e-05
1589	2.5e-05
1590	2.5e-05
1591	2.5e-05
1592	2.5e-05
1593	2.5e-05
1594	2.5e-05
1595	2.5e-05
1596	2.5e-05
1597	2.5e-05
1598	2.5e-05
1599	2.5e-05
1600	2.5e-05
1601	2.5e-05
1602	2.5e-05
1603	2.5e-05
1604	2.5e-05
1605	2.5e-05
1606	2.5e-05
1607	2.5e-05
1608	2.5e-05
1609	2.5e-05
1610	2.5e-05
1611	2.5e-05
1612	2.5e-05
1613	2.5e-05
1614	2.5e-05
1615	2.5e-05
1616	2.5e-05
1617	2.5e-05
1618	2.5e-05
1619	2.5e-05
1620	2.5e-05
1621	2.5e-05
1622	2.5e-05
1623	2.5e-05
1624	2.5e-05
1625	2.5e-05
1626	2.5e-05
1627	2.5e-05
1628	2.5e-05
1629	2.5e-05
1630	2.5e-05
1631	2.5e-05
1632	2.5e-05
1633	2.5e-05
1634	2.5e-05
1635	2.5e-05
1636	2.5e-05
1637	2.5e-05
1638	2.5e-05
1639	2.5e-05
1640	2.5e-05
1641	2.5e-05
1642	2.5e-05
1643	2.5e-05
1644	2.5e-05
1645	2.5e-05
1646	2.5e-05
1647	2.5e-05
1648	2.5e-05
1649	2.5e-05
1650	2.5e-05
1651	2.5e-05
1652	2.5e-05
1653	2.5e-05
1654	2.5e-05
1655	2.5e-05
1656	2.5e-05
1657	2.5e-05
1658	2.5e-05
1659	2.5e-05
1660	2.5e-05
1661	2.5e-05
1662	2.5e-05
1663	2.5e-05
1664	2.5e-05
1665	2.5e-05
1666	2.5e-05
1667	2.5e-05
1668	2.5e-05
1669	2.5e-05
1670	2.5e-05
1671	2.5e-05
1672	2.5e-05
1673	2.5e-05
1674	2.5e-05
1675	2.5e-05
1676	2.5e-05
1677	2.5e-05
1678	2.5e-05
1679	2.5e-05
1680	2.5e-05
1681	2.5e-05
1682	2.5e-05
1683	2.5e-05
1684	2.5e-05
1685	2.5e-05
1686	2.5e-05
1687	2.5e-05
1688	2.5e-05
1689	2.5e-05
1690	2.5e-05
1691	2.5e-05
1692	2.5e-05
1693	2.5e-05
1694	2.5e-05
1695	2.5e-05
1696	2.5e-05
1697	2.5e-05
1698	2.5e-05
1699	2.5e-05
1700	2.5e-05
1701	2.5e-05
1702	2.5e-05
1703	2.5e-05
1704	2.5e-05
1705	2.5e-05
1706	2.5e-05
1707	2.5e-05
1708	2.5e-05
1709	2.5e-05
1710	2.5e-05
1711	2.5e-05
1712	2.5e-05
1713	2.5e-05
1714	2.5e-05
1715	2.5e-05
1716	2.5e-05
1717	2.5e-05
1718	2.5e-05
1719	2.5e-05
1720	2.5e-05
1721	2.5e-05
1722	2.5e-05
1723	2.5e-05
1724	2.5e-05
1725	2.5e-05
1726	2.5e-05
1727	2.5e-05
1728	2.5e-05
1729	2.5e-05
1730	2.5e-05
1731	2.5e-05
1732	2.5e-05
1733	2.5e-05
1734	2.5e-05
1735	2.5e-05
1736	2.5e-05
1737	2.5e-05
1738	2.5e-05
1739	2.5e-05
1740	2.5e-05
1741	2.5e-05
1742	2.5e-05
1743	2.5e-05
1744	2.5e-05
1745	2.5e-05
1746	2.5e-05
1747	2.5e-05
1748	2.5e-05
1749	2.5e-05
1750	2.5e-05
1751	2.5e-05
1752	2.5e-05
1753	2.5e-05
1754	2.5e-05
1755	2.5e-05
1756	2.5e-05
1757	2.5e-05
1758	2.5e-05
1759	2.5e-05
1760	2.5e-05
1761	2.5e-05
1762	2.5e-05
1763	2.5e-05
1764	2.5e-05
1765	2.5e-05
1766	2.5e-05
1767	2.5e-05
1768	2.5e-05
1769	2.5e-05
1770	2.5e-05
1771	2.5e-05
1772	2.5e-05
1773	2.5e-05
1774	2.5e-05
1775	2.5e-05
1776	2.5e-05
1777	2.5e-05
1778	2.5e-05
1779	2.5e-05
1780	2.5e-05
1781	2.5e-05
1782	2.5e-05
1783	2.5e-05
1784	2.5e-05
1785	2.5e-05
1786	2.5e-05
1787	2.5e-05
1788	2.5e-05
1789	2.5e-05
1790	2.5e-05
1791	2.5e-05
1792	2.5e-05
1793	2.5e-05
1794	2.5e-05
1795	2.5e-05
1796	2.5e-05
1797	2.5e-05
1798	2.5e-05
1799	2.5e-05
1800	2.5e-05
1801	2.5e-05
1802	2.5e-05
1803	2.5e-05
1804	2.5e-05
1805	2.5e-05
1806	2.5e-05
1807	2.5e-05
1808	2.5e-05
1809	2.5e-05
1810	2.5e-05
1811	2.5e-05
1812	2.5e-05
1813	2.5e-05
1814	2.5e-05
1815	2.5e-05
1816	2.5e-05
1817	2.5e-05
1818	2.5e-05
1819	2.5e-05
1820	2.5e-05
1821	2.5e-05
1822	2.5e-05
1823	2.5e-05
1824	2.5e-05
1825	2.5e-05
1826	2.5e-05
1827	2.5e-05
1828	2.5e-05
1829	2.5e-05
1830	2.5e-05
1831	2.5e-05
1832	2.5e-05
1833	2.5e-05
1834	2.5e-05
1835	2.5e-05
1836	2.5e-05
1837	2.5e-05
1838	2.5e-05
1839	2.5e-05
1840	2.5e-05
1841	2.5e-05
1842	2.5e-05
1843	2.5e-05
1844	2.5e-05
1845	2.5e-05
1846	2.5e-05
1847	2.5e-05
1848	2.5e-05
1849	2.5e-05
1850	2.5e-05
1851	2.5e-05
1852	2.5e-05
1853	2.5e-05
1854	2.5e-05
1855	2.5e-05
1856	2.5e-05
1857	2.5e-05
1858	2.5e-05
1859	2.5e-05
1860	2.5e-05
1861	2.5e-05
1862	2.5e-05
1863	2.5e-05
1864	2.5e-05
1865	2.5e-05
1866	2.5e-05
1867	2.5e-05
1868	2.5e-05
1869	2.5e-05
1870	2.5e-05
1871	2.5e-05
1872	2.5e-05
1873	2.5e-05
1874	2.5e-05
1875	2.5e-05
1876	2.5e-05
1877	2.5e-05
1878	2.5e-05
1879	2.5e-05
1880	2.5e-05
1881	2.5e-05
1882	2.5e-05
1883	2.5e-05
1884	2.5e-05
1885	2.5e-05
1886	2.5e-05
1887	2.5e-05
1888	2.5e-05
1889	2.5e-05
1890	2.5e-05
1891	2.5e-05
1892	2.5e-05
1893	2.5e-05
1894	2.5e-05
1895	2.5e-05
1896	2.5e-05
1897	2.5e-05
1898	2.5e-05
1899	2.5e-05
1900	2.5e-05
1901	2.5e-05
1902	2.5e-05
1903	2.5e-05
1904	2.5e-05
1905	2.5e-05
1906	2.5e-05
1907	2.5e-05
1908	2.5e-05
1909	2.5e-05
1910	2.5e-05
1911	2.5e-05
1912	2.5e-05
1913	2.5e-05
1914	2.5e-05
1915	2.5e-05
1916	2.5e-05
1917	2.5e-05
1918	2.5e-05
1919	2.5e-05
1920	2.5e-05
1921	2.5e-05
1922	2.5e-05
1923	2.5e-05
1924	2.5e-05
1925	2.5e-05
1926	2.5e-05
1927	2.5e-05
1928	2.5e-05
1929	2.5e-05
1930	2.5e-05
1931	2.5e-05
1932	2.5e-05
1933	2.5e-05
1934	2.5e-05
1935	2.5e-05
1936	2.5e-05
1937	2.5e-05
1938	2.5e-05
1939	2.5e-05
1940	2.5e-05
1941	2.5e-05
1942	2.5e-05
1943	2.5e-05
1944	2.5e-05
1945	2.5e-05
1946	2.5e-05
1947	2.5e-05
1948	2.5e-05
1949	2.5e-05
1950	2.5e-05
1951	2.5e-05
1952	2.5e-05
1953	2.5e-05
1954	2.5e-05
1955	2.5e-05
1956	2.5e-05
1957	2.5e-05
1958	2.5e-05
1959	2.5e-05
1960	2.5e-05
1961	2.5e-05
1962	2.5e-05
1963	2.5e-05
1964	2.5e-05
1965	2.5e-05
1966	2.5e-05
1967	2.5e-05
1968	2.5e-05
1969	2.5e-05
1970	2.5e-05
1971	2.5e-05
1972	2.5e-05
1973	2.5e-05
1974	2.5e-05
1975	2.5e-05
1976	2.5e-05
1977	2.5e-05
1978	2.5e-05
1979	2.5e-05
1980	2.5e-05
1981	2.5e-05
1982	2.5e-05
1983	2.5e-05
1984	2.5e-05
1985	2.5e-05
1986	2.5e-05
1987	2.5e-05
1988	2.5e-05
1989	2.5e-05
1990	2.5e-05
1991	2.5e-05
1992	2.5e-05
1993	2.5e-05
1994	2.5e-05
1995	2.5e-05
1996	2.5e-05
1997	2.5e-05
1998	2.5e-05
1999	2.5e-05
2000	2.5e-05
2001	2.5e-05
2002	2.5e-05
2003	2.5e-05
2004	2.5e-05
2005	2.5e-05
2006	2.5e-05
2007	2.5e-05
2008	2.5e-05
2009	2.5e-05
2010	2.5e-05
2011	2.5e-05
2012	2.5e-05
2013	2.5e-05
2014	2.5e-05
2015	2.5e-05
2016	2.5e-05
2017	2.5e-05
2018	2.5e-05
2019	2.5e-05
2020	2.5e-05
2021	2.5e-05
2022	2.5e-05
2023	2.5e-05
2024	2.5e-05
2025	2.5e-05
2026	2.5e-05
2027	2.5e-05
2028	2.5e-05
2029	2.5e-05
2030	2.5e-05
2031	2.5e-05
2032	2.5e-05
2033	2.5e-05
2034	2.5e-05
2035	2.5e-05
2036	2.5e-05
2037	2.5e-05
2038	2.5e-05
2039	2.5e-05
2040	2.5e-05
2041	2.5e-05
2042	2.5e-05
2043	2.5e-05
2044	2.5e-05
2045	2.5e-05
2046	2.5e-05
2047	2.5e-05
2048	2.5e-05
2049	2.5e-05
2050	2.5e-05
2051	2.5e-05
2052	2.5e-05
2053	2.5e-05
2054	2.5e-05
2055	2.5e-05
2056	2.5e-05
2057	2.5e-05
2058	2.5e-05
2059	2.5e-05
2060	2.5e-05
2061	2.5e-05
2062	2.5e-05
2063	2.5e-05
2064	2.5e-05
2065	2.5e-05
2066	2.5e-05
2067	2.5e-05
2068	2.5e-05
2069	2.5e-05
2070	2.5e-05
2071	2.5e-05
2072	2.5e-05
2073	2.5e-05
2074	2.5e-05
2075	2.5e-05
2076	2.5e-05
2077	2.5e-05
2078	2.5e-05
2079	2.5e-05
2080	2.5e-05
2081	2.5e-05
2082	2.5e-05
2083	2.5e-05
2084	2.5e-05
2085	2.5e-05
2086	2.5e-05
2087	2.5e-05
2088	2.5e-05
2089	2.5e-05
2090	2.5e-05
2091	2.5e-05
2092	2.5e-05
2093	2.5e-05
2094	2.5e-05
2095	2.5e-05
2096	2.5e-05
2097	2.5e-05
2098	2.5e-05
2099	2.5e-05
2100	2.5e-05
2101	2.5e-05
2102	2.5e-05
2103	2.5e-05
2104	2.5e-05
2105	2.5e-05
2106	2.5e-05
2107	2.5e-05
2108	2.5e-05
2109	2.5e-05
2110	2.5e-05
2111	2.5e-05
2112	2.5e-05
2113	2.5e-05
2114	2.5e-05
2115	2.5e-05
2116	2.5e-05
2117	2.5e-05
2118	2.5e-05
2119	2.5e-05
2120	2.5e-05
2121	2.5e-05
2122	2.5e-05
2123	2.5e-05
2124	2.5e-05
2125	2.5e-05
2126	2.5e-05
2127	2.5e-05
2128	2.5e-05
2129	2.5e-05
2130	2.5e-05
2131	2.5e-05
2132	2.5e-05
2133	2.5e-05
2134	2.5e-05
2135	2.5e-05
2136	2.5e-05
2137	2.5e-05
2138	2.5e-05
2139	2.5e-05
2140	2.5e-05
2141	2.5e-05
2142	2.5e-05
2143	2.5e-05
2144	2.5e-05
2145	2.5e-05
2146	2.5e-05
2147	2.5e-05
2148	2.5e-05
2149	2.5e-05
2150	2.5e-05
2151	2.5e-05
2152	2.5e-05
2153	2.5e-05
2154	2.5e-05
2155	2.5e-05
2156	2.5e-05
2157	2.5e-05
2158	2.5e-05
2159	2.5e-05
2160	2.5e-05
2161	2.5e-05
2162	2.5e-05
2163	2.5e-05
2164	2.5e-05
2165	2.5e-05
2166	2.5e-05
2167	2.5e-05
2168	2.5e-05
2169	2.5e-05
2170	2.5e-05
2171	2.5e-05
2172	2.5e-05
2173	2.5e-05
2174	2.5e-05
2175	2.5e-05
2176	2.5e-05
2177	2.5e-05
2178	2.5e-05
2179	2.5e-05
2180	2.5e-05
2181	2.5e-05
2182	2.5e-05
2183	2.5e-05
2184	2.5e-05
2185	2.5e-05
2186	2.5e-05
2187	2.5e-05
2188	2.5e-05
2189	2.5e-05
2190	2.5e-05
2191	2.5e-05
2192	2.5e-05
2193	2.5e-05
2194	2.5e-05
2195	2.5e-05
2196	2.5e-05
2197	2.5e-05
2198	2.5e-05
2199	2.5e-05
2200	2.5e-05
2201	2.5e-05
2202	2.5e-05
2203	2.5e-05
2204	2.5e-05
2205	2.5e-05
2206	2.5e-05
2207	2.5e-05
2208	2.5e-05
2209	2.5e-05
2210	2.5e-05
2211	2.5e-05
2212	2.5e-05
2213	2.5e-05
2214	2.5e-05
2215	2.5e-05
2216	2.5e-05
2217	2.5e-05
2218	2.5e-05
2219	2.5e-05
2220	2.5e-05
2221	2.5e-05
2222	2.5e-05
2223	2.5e-05
2224	2.5e-05
2225	2.5e-05
2226	2.5e-05
2227	2.5e-05
2228	2.5e-05
2229	2.5e-05
2230	2.5e-05
2231	2.5e-05
2232	2.5e-05
2233	2.5e-05
2234	2.5e-05
2235	2.5e-05
2236	2.5e-05
2237	2.5e-05
2238	2.5e-05
2239	2.5e-05
2240	2.5e-05
2241	2.5e-05
2242	2.5e-05
2243	2.5e-05
2244	2.5e-05
2245	2.5e-05
2246	2.5e-05
2247	2.5e-05
2248	2.5e-05
2249	2.5e-05
2250	2.5e-05
2251	2.5e-05
2252	2.5e-05
2253	2.5e-05
2254	2.5e-05
2255	2.5e-05
2256	2.5e-05
2257	2.5e-05
2258	2.5e-05
2259	2.5e-05
2260	2.5e-05
2261	2.5e-05
2262	2.5e-05
2263	2.5e-05
2264	2.5e-05
2265	2.5e-05
2266	2.5e-05
2267	2.5e-05
2268	2.5e-05
2269	2.5e-05
2270	2.5e-05
2271	2.5e-05
2272	2.5e-05
2273	2.5e-05
2274	2.5e-05
2275	2.5e-05
2276	2.5e-05
2277	2.5e-05
2278	2.5e-05
2279	2.5e-05
2280	2.5e-05
2281	2.5e-05
2282	2.5e-05
2283	2.5e-05
2284	2.5e-05
2285	2.5e-05
2286	2.5e-05
2287	2.5e-05
2288	2.5e-05
2289	2.5e-05
2290	2.5e-05
2291	2.5e-05
2292	2.5e-05
2293	2.5e-05
2294	2.5e-05
2295	2.5e-05
2296	2.5e-05
2297	2.5e-05
2298	2.5e-05
2299	2.5e-05
2300	2.5e-05
2301	2.5e-05
2302	2.5e-05
2303	2.5e-05
2304	2.5e-05
2305	2.5e-05
2306	2.5e-05
2307	2.5e-05
2308	2.5e-05
2309	2.5e-05
2310	2.5e-05
2311	2.5e-05
2312	2.5e-05
2313	2.5e-05
2314	2.5e-05
2315	2.5e-05
2316	2.5e-05
2317	2.5e-05
2318	2.5e-05
2319	2.5e-05
2320	2.5e-05
2321	2.5e-05
2322	2.5e-05
2323	2.5e-05
2324	2.5e-05
2325	2.5e-05
2326	2.5e-05
2327	2.5e-05
2328	2.5e-05
2329	2.5e-05
2330	2.5e-05
2331	2.5e-05
2332	2.5e-05
2333	2.5e-05
2334	2.5e-05
2335	2.5e-05
2336	2.5e-05
2337	2.5e-05
2338	2.5e-05
2339	2.5e-05
2340	2.5e-05
2341	2.5e-05
2342	2.5e-05
2343	2.5e-05
2344	2.5e-05
2345	2.5e-05
2346	2.5e-05
2347	2.5e-05
2348	2.5e-05
2349	2.5e-05
2350	2.5e-05
2351	2.5e-05
2352	2.5e-05
2353	2.5e-05
2354	2.5e-05
2355	2.5e-05
2356	2.5e-05
2357	2.5e-05
2358	2.5e-05
2359	2.5e-05
2360	2.5e-05
2361	2.5e-05
2362	2.5e-05
2363	2.5e-05
2364	2.5e-05
2365	2.5e-05
2366	2.5e-05
2367	2.5e-05
2368	2.5e-05
2369	2.5e-05
2370	2.5e-05
2371	2.5e-05
2372	2.5e-05
2373	2.5e-05
2374	2.5e-05
2375	2.5e-05
2376	2.5e-05
2377	2.5e-05
2378	2.5e-05
2379	2.5e-05
2380	2.5e-05
2381	2.5e-05
2382	2.5e-05
2383	2.5e-05
2384	2.5e-05
2385	2.5e-05
2386	2.5e-05
2387	2.5e-05
2388	2.5e-05
2389	2.5e-05
2390	2.5e-05
2391	2.5e-05
2392	2.5e-05
2393	2.5e-05
2394	2.5e-05
2395	2.5e-05
2396	2.5e-05
2397	2.5e-05
2398	2.5e-05
2399	2.5e-05
